{
  "camera_angle_x": 0.7394957408989737,
  "camera_angle_y": 0.7278700321984657,
  "fl_x": 1032.0632891673552,
  "fl_y": 1050.1387029189407,
  "k1": 0.2236895458091035,
  "k2": 1.0030985926225844,
  "k3": 0,
  "k4": 0,
  "p1": 0.1153181074417724,
  "p2": -0.14365661729867216,
  "is_fisheye": false,
  "cx": 419.88361499537933,
  "cy": 395.50641773357876,
  "w": 800.0,
  "h": 800.0,
  "aabb_scale": 1,
  "frames": [
    {
      "file_path": "./images/r_83.png",
      "sharpness": 407.627753125,
      "transform_matrix": [
        [
          -0.3580636970972515,
          0.004360008018155896,
          0.9336869813450756,
          3.790726225147337
        ],
        [
          0.9178533388153747,
          -0.1817933735177875,
          0.3528404990508938,
          1.625799772426689
        ],
        [
          0.17127649355335287,
          0.9833270868118285,
          0.06109175951283444,
          0.29741399082023356
        ],
        [
          0.0,
          0.0,
          0.0,
          1.0
        ]
      ]
    },
    {
      "file_path": "./images/r_78.png",
      "sharpness": 277.7631875,
      "transform_matrix": [
        [
          0.23287305391531485,
          0.2459693929719443,
          0.9408874526017013,
          3.7890400102657282
        ],
        [
          0.961237590465433,
          0.0886440717393808,
          -0.26108336450579256,
          -0.8475361669026557
        ],
        [
          -0.1476226115296711,
          0.9652156682569681,
          -0.2157922109311591,
          -0.8225402226678715
        ],
        [
          0.0,
          0.0,
          0.0,
          1.0
        ]
      ]
    },
    {
      "file_path": "./images/r_9.png",
      "sharpness": 348.60023125,
      "transform_matrix": [
        [
          -0.2041933342666055,
          0.011905438877927351,
          0.9788581831646301,
          3.9717962847523545
        ],
        [
          0.9751139469807734,
          -0.08573749463051739,
          0.20445506209935768,
          1.022015791951087
        ],
        [
          0.08635897546822223,
          0.9962466273578451,
          0.0058978654054765095,
          0.06997688072219609
        ],
        [
          0.0,
          0.0,
          0.0,
          1.0
        ]
      ]
    },
    {
      "file_path": "./images/r_68.png",
      "sharpness": 345.49491875,
      "transform_matrix": [
        [
          0.009876014197089701,
          -0.14697266282271096,
          0.9890912499403333,
          3.8000577194577367
        ],
        [
          0.9970794853510164,
          0.07635814456093608,
          0.001390557929914208,
          -0.38950251252829077
        ],
        [
          -0.07572954664866965,
          0.9861888612858432,
          0.1472975411276844,
          0.41295719995406605
        ],
        [
          0.0,
          0.0,
          0.0,
          1.0
        ]
      ]
    },
    {
      "file_path": "./images/r_97.png",
      "sharpness": 322.920134375,
      "transform_matrix": [
        [
          -0.33798162490052963,
          -0.00852807975510576,
          0.9411140701676065,
          3.818322183545419
        ],
        [
          0.9281277366423699,
          -0.16880611738671153,
          0.33178818425002404,
          1.5362490291354356
        ],
        [
          0.1560362961059129,
          0.9856123815025688,
          0.0649685132085223,
          0.3131781866621387
        ],
        [
          0.0,
          0.0,
          0.0,
          1.0
        ]
      ]
    },
    {
      "file_path": "./images/r_17.png",
      "sharpness": 418.363340625,
      "transform_matrix": [
        [
          -0.21176877276286873,
          0.15900959143227084,
          0.964297639060265,
          3.668453128228584
        ],
        [
          0.9769535046236515,
          0.0074305420943595,
          0.2133228465208121,
          0.3550438786534302
        ],
        [
          0.026755124469914557,
          0.9872490753902328,
          -0.15691853439881726,
          -0.6503178695943409
        ],
        [
          0.0,
          0.0,
          0.0,
          1.0
        ]
      ]
    },
    {
      "file_path": "./images/r_96.png",
      "sharpness": 329.265396875,
      "transform_matrix": [
        [
          0.06134830801472175,
          -0.028044900523645392,
          0.9977223404537455,
          4.04741043828742
        ],
        [
          0.9963998164510229,
          0.060321234306012814,
          -0.05957142325108118,
          -0.045090969490059564
        ],
        [
          -0.05851316843172533,
          0.99778496291968,
          0.031644539396181,
          0.17169016225597872
        ],
        [
          0.0,
          0.0,
          0.0,
          1.0
        ]
      ]
    },
    {
      "file_path": "./images/r_19.png",
      "sharpness": 331.850253125,
      "transform_matrix": [
        [
          0.06841345722162614,
          0.12102834631516317,
          0.9902887145885042,
          3.781317841025023
        ],
        [
          0.9926434035011055,
          0.09113068542044843,
          -0.07971368552848122,
          -0.6719162175557281
        ],
        [
          -0.09989330486278425,
          0.9884570489127487,
          -0.11390342435780468,
          -0.5054285229360903
        ],
        [
          0.0,
          0.0,
          0.0,
          1.0
        ]
      ]
    },
    {
      "file_path": "./images/r_23.png",
      "sharpness": 361.855815625,
      "transform_matrix": [
        [
          0.00909496494030946,
          -0.15111750062595755,
          0.9884739665764842,
          4.02336620663765
        ],
        [
          0.9993697803137942,
          0.03529313105252485,
          -0.003799617883514234,
          0.17781021703894637
        ],
        [
          -0.03431215248650256,
          0.987885568214883,
          0.15134325319168943,
          0.6591534257769929
        ],
        [
          0.0,
          0.0,
          0.0,
          1.0
        ]
      ]
    },
    {
      "file_path": "./images/r_95.png",
      "sharpness": 368.6554,
      "transform_matrix": [
        [
          -0.041155468007692216,
          0.30645479672704645,
          0.9509951025101039,
          3.611709128707036
        ],
        [
          0.9979503109835074,
          0.05928954513265558,
          0.024081666177331807,
          -0.3051249110948876
        ],
        [
          -0.0490041249379844,
          0.9500369505356838,
          -0.30826674867404114,
          -1.1761047579919335
        ],
        [
          0.0,
          0.0,
          0.0,
          1.0
        ]
      ]
    },
    {
      "file_path": "./images/r_35.png",
      "sharpness": 345.488653125,
      "transform_matrix": [
        [
          -0.049631842528249884,
          0.06315753331912262,
          0.9967686823804432,
          4.039924101476631
        ],
        [
          0.998757934809117,
          -0.0012476755657133201,
          0.049809948418999196,
          0.39739420511512735
        ],
        [
          0.00438951740657106,
          0.9980027902129683,
          -0.063017163108241,
          -0.2108131481823817
        ],
        [
          0.0,
          0.0,
          0.0,
          1.0
        ]
      ]
    },
    {
      "file_path": "./images/r_72.png",
      "sharpness": 383.73289375,
      "transform_matrix": [
        [
          -0.17524794375516406,
          0.06855449883798306,
          0.9821346337854143,
          3.7396762288690093
        ],
        [
          0.9844716775335489,
          0.0018852221386738072,
          0.1755333645543222,
          0.22348330087074497
        ],
        [
          0.010182059881595982,
          0.9976455916850956,
          -0.06782034377682512,
          -0.3406072325154726
        ],
        [
          0.0,
          0.0,
          0.0,
          1.0
        ]
      ]
    },
    {
      "file_path": "./images/r_94.png",
      "sharpness": 342.433540625,
      "transform_matrix": [
        [
          0.02114894219842625,
          -0.0929852883042047,
          0.9954428453633195,
          4.043887998790496
        ],
        [
          0.9990169170849874,
          0.04076580539260645,
          -0.01741690238511217,
          0.12370125874050722
        ],
        [
          -0.03896051362389768,
          0.9948325915709896,
          0.0937560297178459,
          0.42441189633776427
        ],
        [
          0.0,
          0.0,
          0.0,
          1.0
        ]
      ]
    },
    {
      "file_path": "./images/r_40.png",
      "sharpness": 339.088321875,
      "transform_matrix": [
        [
          -0.0119226353317984,
          0.08040674364580323,
          0.9966908278524358,
          4.03805298296266
        ],
        [
          0.9998024297552588,
          0.016812701925947297,
          0.01060351401294749,
          0.23973677095390278
        ],
        [
          -0.0159044717680249,
          0.9966203332324574,
          -0.08059130937978755,
          -0.28229489976225136
        ],
        [
          0.0,
          0.0,
          0.0,
          1.0
        ]
      ]
    },
    {
      "file_path": "./images/r_54.png",
      "sharpness": 382.770534375,
      "transform_matrix": [
        [
          -0.1459363670842641,
          -0.03940433427362443,
          0.9885089150760604,
          4.0165005896530195
        ],
        [
          0.9878849314506508,
          -0.05911533408427356,
          0.1434877677324462,
          0.7757551906198595
        ],
        [
          0.0527819947960986,
          0.9974731453521747,
          0.047554025157989475,
          0.23860127663568534
        ],
        [
          0.0,
          0.0,
          0.0,
          1.0
        ]
      ]
    },
    {
      "file_path": "./images/r_45.png",
      "sharpness": 361.98135,
      "transform_matrix": [
        [
          0.10138281882611844,
          -0.1881356288120291,
          0.97689636563994,
          3.9810916556438474
        ],
        [
          0.9912030768578682,
          0.10307616844517378,
          -0.08301664848782067,
          -0.1433816317627309
        ],
        [
          -0.08507634497305717,
          0.9767191452267697,
          0.19693076665584053,
          0.8429418390713832
        ],
        [
          0.0,
          0.0,
          0.0,
          1.0
        ]
      ]
    },
    {
      "file_path": "./images/r_58.png",
      "sharpness": 406.754040625,
      "transform_matrix": [
        [
          -0.13017336094124451,
          -0.4056579568407015,
          0.9047079739536057,
          3.711967569007337
        ],
        [
          0.9909159629114317,
          -0.08430725705981172,
          0.10477519197956037,
          0.6182962086621797
        ],
        [
          0.033770557418147336,
          0.9101285120471315,
          0.412947503918701,
          1.7399331610237299
        ],
        [
          0.0,
          0.0,
          0.0,
          1.0
        ]
      ]
    }
  ]
}