{
  "camera_angle_x": 0.7022193144115269,
  "camera_angle_y": 0.7032655393074226,
  "fl_x": 1092.0412817202532,
  "fl_y": 1090.2749593388278,
  "k1": -0.0009070160430460899,
  "k2": 2.609863423853088e-07,
  "k3": 0,
  "k4": 0,
  "p1": 0.0009915566851359146,
  "p2": -0.0015342563902992889,
  "is_fisheye": false,
  "cx": 400.9966525788239,
  "cy": 408.10176956510946,
  "w": 800.0,
  "h": 800.0,
  "aabb_scale": 32,
  "frames": [
    {
      "file_path": "./images/r_63.png",
      "sharpness": 874.854571875,
      "transform_matrix": [
        [
          0.9335325960702823,
          0.16442036189125012,
          -0.3185637090086694,
          -1.2598913855921452
        ],
        [
          -0.31943854305555625,
          -0.02181542810172931,
          -0.947355848830259,
          -3.7733894057434174
        ],
        [
          -0.16271419519416241,
          0.986149092036981,
          0.032156787621016224,
          0.13906120164357275
        ],
        [
          0.0,
          0.0,
          0.0,
          1.0
        ]
      ]
    },
    {
      "file_path": "./images/r_66.png",
      "sharpness": 2105.661209375,
      "transform_matrix": [
        [
          0.9605245528380028,
          -0.06362871057788512,
          0.27082091982171774,
          1.0647594844491424
        ],
        [
          0.2512375280447329,
          -0.21964905575036453,
          -0.9426738549549172,
          -3.7607262343359547
        ],
        [
          0.11946668120255102,
          0.9735017614414575,
          -0.19499239109764674,
          -0.7878520813303159
        ],
        [
          0.0,
          0.0,
          0.0,
          1.0
        ]
      ]
    },
    {
      "file_path": "./images/r_6.png",
      "sharpness": 708.7796012155055,
      "transform_matrix": [
        [
          0.3852117826420498,
          0.6016461772017584,
          -0.6997383510997343,
          -2.78529960277187
        ],
        [
          -0.8275378591150455,
          -0.11036018689768885,
          -0.5504559209281092,
          -2.1910369835139276
        ],
        [
          -0.40840295575131763,
          0.7911020835763546,
          0.4553729450987261,
          1.8240164971889061
        ],
        [
          0.0,
          0.0,
          0.0,
          1.0
        ]
      ]
    },
    {
      "file_path": "./images/r_52.png",
      "sharpness": 956.7683342480851,
      "transform_matrix": [
        [
          0.5958624019811123,
          -0.5688493802132457,
          0.5668848036099016,
          2.283576953165053
        ],
        [
          0.7187688675135782,
          0.06289390849140293,
          -0.6923984917470156,
          -2.767380467936845
        ],
        [
          0.35821685192746777,
          0.8200333767218221,
          0.4463473401853431,
          1.7972847740189826
        ],
        [
          0.0,
          0.0,
          0.0,
          1.0
        ]
      ]
    },
    {
      "file_path": "./images/r_50.png",
      "sharpness": 1080.3716858993528,
      "transform_matrix": [
        [
          0.7810519530288199,
          -0.4092475150715234,
          0.4716718330631801,
          1.9001959248013565
        ],
        [
          0.5590711875426252,
          0.12176367262644427,
          -0.8201298770888779,
          -3.2795908968574663
        ],
        [
          0.27820361956631723,
          0.9042621740785928,
          0.32390224856275107,
          1.3075516979912507
        ],
        [
          0.0,
          0.0,
          0.0,
          1.0
        ]
      ]
    },
    {
      "file_path": "./images/r_58.png",
      "sharpness": 1312.690775,
      "transform_matrix": [
        [
          0.3500699029015436,
          0.16680254041550688,
          -0.9217526651010932,
          -3.7198896241895345
        ],
        [
          -0.8399011336835948,
          -0.3797960978980308,
          -0.38771253482968565,
          -1.5621718532070596
        ],
        [
          -0.4147495011930328,
          0.9099075978158225,
          0.007142459682739097,
          0.015854216747690546
        ],
        [
          0.0,
          0.0,
          0.0,
          1.0
        ]
      ]
    },
    {
      "file_path": "./images/r_54.png",
      "sharpness": 889.5459983743755,
      "transform_matrix": [
        [
          0.6903260633519449,
          -0.5912572910854906,
          0.41697091268191006,
          1.6617506009832461
        ],
        [
          0.6494862379572603,
          0.25250662190677825,
          -0.7172224429024591,
          -2.876860898240007
        ],
        [
          0.3187750821015306,
          0.7659342149718986,
          0.5583253759231201,
          2.2190559687715075
        ],
        [
          0.0,
          0.0,
          0.0,
          1.0
        ]
      ]
    },
    {
      "file_path": "./images/r_57.png",
      "sharpness": 1084.13585625,
      "transform_matrix": [
        [
          0.07264189786540952,
          -0.1655338748651611,
          0.9835251348970029,
          3.9240292417762754
        ],
        [
          0.8958129644821196,
          -0.4226895423932809,
          -0.1373050742789006,
          -0.553967193301828
        ],
        [
          0.4384544301859392,
          0.8910286679169309,
          0.11758242059786286,
          0.46847642247425164
        ],
        [
          0.0,
          0.0,
          0.0,
          1.0
        ]
      ]
    },
    {
      "file_path": "./images/r_53.png",
      "sharpness": 715.5298982419703,
      "transform_matrix": [
        [
          0.3765213493337535,
          0.622259861191797,
          -0.6863121291897634,
          -2.732083727623518
        ],
        [
          -0.8307690803646016,
          -0.10102808121537235,
          -0.5473719593856751,
          -2.178559182564076
        ],
        [
          -0.4099443969944906,
          0.776264125145406,
          0.4789150231703017,
          1.9169663056552566
        ],
        [
          0.0,
          0.0,
          0.0,
          1.0
        ]
      ]
    },
    {
      "file_path": "./images/r_49.png",
      "sharpness": 688.7255170237282,
      "transform_matrix": [
        [
          0.5497055874544924,
          0.7486415460425863,
          -0.3706205643077684,
          -1.4833101604246475
        ],
        [
          -0.7480610856325831,
          0.24369777324217534,
          -0.6172649410784846,
          -2.4671718831179317
        ],
        [
          -0.3717907735673209,
          0.616560808744441,
          0.6939916352837141,
          2.7773923258876683
        ],
        [
          0.0,
          0.0,
          0.0,
          1.0
        ]
      ]
    },
    {
      "file_path": "./images/r_51.png",
      "sharpness": 1014.8306134299776,
      "transform_matrix": [
        [
          0.7207186987923843,
          -0.46657187491399643,
          0.5127136069754553,
          2.041643550604422
        ],
        [
          0.6225475365274783,
          0.11025852890584016,
          -0.7747758524713498,
          -3.1035142322880565
        ],
        [
          0.30495757407052676,
          0.8775840372155989,
          0.36992855482449494,
          1.4665318556175182
        ],
        [
          0.0,
          0.0,
          0.0,
          1.0
        ]
      ]
    },
    {
      "file_path": "./images/r_55.png",
      "sharpness": 2227.499194119376,
      "transform_matrix": [
        [
          0.7572571536249013,
          -0.09410826088475269,
          0.6463011980065416,
          2.5576302107939197
        ],
        [
          0.5890842281681867,
          -0.32890034534096085,
          -0.7381086200307561,
          -2.9391290343066774
        ],
        [
          0.2820308057937675,
          0.9396638750623522,
          -0.1936244471115981,
          -0.7803219633591073
        ],
        [
          0.0,
          0.0,
          0.0,
          1.0
        ]
      ]
    },
    {
      "file_path": "./images/r_47.png",
      "sharpness": 792.318425,
      "transform_matrix": [
        [
          0.9489783384886155,
          -0.2957718629959452,
          0.10935775311712027,
          0.4299423994163345
        ],
        [
          0.2860201827169304,
          0.6612934408442578,
          -0.6934575979687256,
          -2.797619576188669
        ],
        [
          0.13278768081808578,
          0.6893547636607392,
          0.7121498730424306,
          2.834889688010027
        ],
        [
          0.0,
          0.0,
          0.0,
          1.0
        ]
      ]
    },
    {
      "file_path": "./images/r_5.png",
      "sharpness": 1235.210303125,
      "transform_matrix": [
        [
          0.722084093087586,
          -0.20045172030138983,
          0.6621281374217702,
          2.660355090912666
        ],
        [
          0.6254292389843846,
          -0.21993239675246434,
          -0.7486441129720774,
          -2.9878433382358303
        ],
        [
          0.29569042855917604,
          0.9546983024586488,
          -0.033441318368373364,
          -0.11806756660683215
        ],
        [
          0.0,
          0.0,
          0.0,
          1.0
        ]
      ]
    },
    {
      "file_path": "./images/r_45.png",
      "sharpness": 711.5876927499997,
      "transform_matrix": [
        [
          0.2697996556844718,
          -0.8952217110578602,
          0.35466355024263313,
          1.4239289149266485
        ],
        [
          0.8627026264769125,
          0.06111791129660737,
          -0.5020047601310127,
          -2.0169010954372752
        ],
        [
          0.42772926491980673,
          0.44140988774525913,
          0.7887997128327503,
          3.1519366947811376
        ],
        [
          0.0,
          0.0,
          0.0,
          1.0
        ]
      ]
    },
    {
      "file_path": "./images/r_48.png",
      "sharpness": 741.950948166775,
      "transform_matrix": [
        [
          -0.051815999526506534,
          0.6180820457613104,
          -0.7844040329626774,
          -3.1230688086555847
        ],
        [
          -0.8971063499998004,
          -0.37390465568488246,
          -0.23536249754968017,
          -0.9323097038378634
        ],
        [
          -0.4387656538437408,
          0.6914982958746795,
          0.5738595715352655,
          2.2955686571609406
        ],
        [
          0.0,
          0.0,
          0.0,
          1.0
        ]
      ]
    },
    {
      "file_path": "./images/r_46.png",
      "sharpness": 1310.94195,
      "transform_matrix": [
        [
          0.40377968540178816,
          0.24453841276500604,
          -0.8815684490535807,
          -3.5614755741553936
        ],
        [
          -0.8199256927366835,
          -0.33071080808281417,
          -0.46728173494488406,
          -1.882736479340325
        ],
        [
          -0.4058125479443229,
          0.9114994932151077,
          0.06696902144042664,
          0.2563031246548552
        ],
        [
          0.0,
          0.0,
          0.0,
          1.0
        ]
      ]
    },
    {
      "file_path": "./images/r_43.png",
      "sharpness": 903.2877875,
      "transform_matrix": [
        [
          0.5416579589872997,
          -0.23824777366971062,
          0.8061294274709676,
          3.2273117662734028
        ],
        [
          0.758413218358741,
          -0.27506178964419425,
          -0.5908895007546574,
          -2.3486381848542295
        ],
        [
          0.3625135110446179,
          0.9314392144677381,
          0.031700853221582,
          0.1417234508728649
        ],
        [
          0.0,
          0.0,
          0.0,
          1.0
        ]
      ]
    },
    {
      "file_path": "./images/r_42.png",
      "sharpness": 679.072326338357,
      "transform_matrix": [
        [
          0.21268140614133701,
          0.7313155703838755,
          -0.6480309838452023,
          -2.5833586301709457
        ],
        [
          -0.876585115759168,
          -0.150207973164173,
          -0.45720465836757956,
          -1.8189760703960458
        ],
        [
          -0.4317003061472242,
          0.6652932446254611,
          0.6091139009752352,
          2.4362627886975705
        ],
        [
          0.0,
          0.0,
          0.0,
          1.0
        ]
      ]
    },
    {
      "file_path": "./images/r_44.png",
      "sharpness": 1327.7512498423441,
      "transform_matrix": [
        [
          0.9991712077167887,
          0.02754211508688793,
          -0.029972146967569446,
          -0.13476009170290365
        ],
        [
          -0.032729021770720804,
          0.10580665824209558,
          -0.9938479572908476,
          -3.9801509348781
        ],
        [
          -0.024201422107593427,
          0.9940052228237767,
          0.10662039298452276,
          0.4125769192133857
        ],
        [
          0.0,
          0.0,
          0.0,
          1.0
        ]
      ]
    },
    {
      "file_path": "./images/r_40.png",
      "sharpness": 832.0318837743752,
      "transform_matrix": [
        [
          0.5295699984580529,
          -0.6576057936053231,
          0.5358266855778855,
          2.135372686560037
        ],
        [
          0.7604848478423013,
          0.08821978063750584,
          -0.6433351121399802,
          -2.575240212123644
        ],
        [
          0.37579038431157835,
          0.7481790497955234,
          0.5468177909863337,
          2.1725086455322558
        ],
        [
          0.0,
          0.0,
          0.0,
          1.0
        ]
      ]
    },
    {
      "file_path": "./images/r_37.png",
      "sharpness": 697.1135619652737,
      "transform_matrix": [
        [
          0.5953614760238541,
          0.749065316901311,
          -0.2905957052500389,
          -1.16570324628192
        ],
        [
          -0.7190162070523457,
          0.3353164705998562,
          -0.608751639460735,
          -2.4368765467055473
        ],
        [
          -0.35855321347092856,
          0.5713702963758687,
          0.7382246118642837,
          2.954215667402569
        ],
        [
          0.0,
          0.0,
          0.0,
          1.0
        ]
      ]
    },
    {
      "file_path": "./images/r_39.png",
      "sharpness": 667.7952921288452,
      "transform_matrix": [
        [
          0.14536800367943747,
          0.8240075572757003,
          -0.5476127181561068,
          -2.1877841839096175
        ],
        [
          -0.8875041975230382,
          -0.13601947648306828,
          -0.44026696605795757,
          -1.7523871502130255
        ],
        [
          -0.4372693024896647,
          0.5500093159223932,
          0.7115372861150233,
          2.845631781645485
        ],
        [
          0.0,
          0.0,
          0.0,
          1.0
        ]
      ]
    },
    {
      "file_path": "./images/r_34.png",
      "sharpness": 669.34796875,
      "transform_matrix": [
        [
          0.19005644150328854,
          0.9815642000075975,
          -0.02025513105570417,
          -0.09914201009860732
        ],
        [
          -0.8800987727087376,
          0.16119445356850692,
          -0.4465898548119327,
          -1.7856380012885023
        ],
        [
          -0.43509159878750103,
          0.10270379460020618,
          0.8945094919968176,
          3.578773736353897
        ],
        [
          0.0,
          0.0,
          0.0,
          1.0
        ]
      ]
    },
    {
      "file_path": "./images/r_41.png",
      "sharpness": 957.976928125,
      "transform_matrix": [
        [
          0.7258375356768431,
          -0.09509079552213004,
          0.6812617796684819,
          2.731650069625118
        ],
        [
          0.622470190835624,
          -0.33067562704962333,
          -0.7093549825031322,
          -2.825101979576154
        ],
        [
          0.2927297957706271,
          0.9389416224194203,
          -0.18082559661072173,
          -0.7068470506534428
        ],
        [
          0.0,
          0.0,
          0.0,
          1.0
        ]
      ]
    },
    {
      "file_path": "./images/r_24.png",
      "sharpness": 701.117803125,
      "transform_matrix": [
        [
          0.28139306851138035,
          -0.2015358459612817,
          0.9381904091462197,
          3.7518348482358372
        ],
        [
          0.8638946815773654,
          -0.37241279315330594,
          -0.3391086708471403,
          -1.3402921098618688
        ],
        [
          0.4177366636317708,
          0.905920534216804,
          0.06931136685484372,
          0.2926000431284544
        ],
        [
          0.0,
          0.0,
          0.0,
          1.0
        ]
      ]
    },
    {
      "file_path": "./images/r_17.png",
      "sharpness": 804.912015625,
      "transform_matrix": [
        [
          0.9463924787461032,
          -0.30213067706063157,
          0.11427305097537897,
          0.449765069557032
        ],
        [
          0.2925474049753517,
          0.6516959197224721,
          -0.6997917147729654,
          -2.8229909255519336
        ],
        [
          0.13695726353088397,
          0.695707900071436,
          0.7051476623924061,
          2.8080907778067985
        ],
        [
          0.0,
          0.0,
          0.0,
          1.0
        ]
      ]
    },
    {
      "file_path": "./images/r_23.png",
      "sharpness": 989.832253125,
      "transform_matrix": [
        [
          0.6279299140673081,
          -0.16757260449300726,
          0.7600154243634692,
          3.0433378664164645
        ],
        [
          0.702343145196034,
          -0.29869522435239804,
          -0.6461387384694034,
          -2.570482958847693
        ],
        [
          0.3352881289606734,
          0.9395214660675888,
          -0.06986619647160681,
          -0.26259397834416237
        ],
        [
          0.0,
          0.0,
          0.0,
          1.0
        ]
      ]
    },
    {
      "file_path": "./images/r_15.png",
      "sharpness": 1025.8010222980854,
      "transform_matrix": [
        [
          0.4140940069237883,
          -0.45608394586411716,
          0.7877268484584931,
          3.1462179679091005
        ],
        [
          0.816675155619429,
          -0.19600125584553962,
          -0.5427938816038475,
          -2.1764468081399375
        ],
        [
          0.4019550268738969,
          0.8680846399174955,
          0.29130948206892704,
          1.158605719719263
        ],
        [
          0.0,
          0.0,
          0.0,
          1.0
        ]
      ]
    },
    {
      "file_path": "./images/r_16.png",
      "sharpness": 1017.5830150622825,
      "transform_matrix": [
        [
          0.41015537136330144,
          -0.45097469401836887,
          0.7927133130737758,
          3.1667250862636824
        ],
        [
          0.8181533090594139,
          -0.20212113768537296,
          -0.5383049401422214,
          -2.1593513899469885
        ],
        [
          0.4029860223660274,
          0.8693496828574933,
          0.28606536792546805,
          1.1379308353854911
        ],
        [
          0.0,
          0.0,
          0.0,
          1.0
        ]
      ]
    },
    {
      "file_path": "./images/r_65.png",
      "sharpness": 741.581524979336,
      "transform_matrix": [
        [
          0.9988399532411817,
          -0.032114863626320045,
          0.03588012501298526,
          0.15305206627385395
        ],
        [
          0.04343096935649661,
          0.2790199471495702,
          -0.9593026738204291,
          -3.837205712752837
        ],
        [
          0.020796603961264277,
          0.9597481464728843,
          0.2800910506222765,
          1.1289056884421123
        ],
        [
          0.0,
          0.0,
          0.0,
          1.0
        ]
      ]
    },
    {
      "file_path": "./images/r_72.png",
      "sharpness": 959.0130514578883,
      "transform_matrix": [
        [
          0.9483947101279823,
          -0.22161777800890758,
          0.22678852329689386,
          0.9193641054980713
        ],
        [
          0.28388546805582715,
          0.2747907289396504,
          -0.9186398077163639,
          -3.678928618305321
        ],
        [
          0.14126752934473047,
          0.935615100237015,
          0.3235241403581281,
          1.304496489666939
        ],
        [
          0.0,
          0.0,
          0.0,
          1.0
        ]
      ]
    },
    {
      "file_path": "./images/r_13.png",
      "sharpness": 680.6303875,
      "transform_matrix": [
        [
          0.3117234420672025,
          0.9406320096745145,
          -0.1343127621225533,
          -0.5498584502733357
        ],
        [
          -0.8495941800206676,
          0.21263226914859357,
          -0.4826771668489687,
          -1.9317198649082805
        ],
        [
          -0.42546236609141236,
          0.2645731288592284,
          0.8654379437941719,
          3.461064573947502
        ],
        [
          0.0,
          0.0,
          0.0,
          1.0
        ]
      ]
    },
    {
      "file_path": "./images/r_77.png",
      "sharpness": 735.001590625,
      "transform_matrix": [
        [
          0.9532641465824923,
          -0.2986412962873716,
          0.04583495412544468,
          0.1751065437163891
        ],
        [
          0.27303316602411165,
          0.7865028273644378,
          -0.553955045833336,
          -2.244632159327077
        ],
        [
          0.12938453196081642,
          0.5405799466508208,
          0.8312839251431643,
          3.3134589319959407
        ],
        [
          0.0,
          0.0,
          0.0,
          1.0
        ]
      ]
    },
    {
      "file_path": "./images/r_22.png",
      "sharpness": 797.005725,
      "transform_matrix": [
        [
          0.6271285158289516,
          -0.7322406425414278,
          0.26558137372983126,
          1.0632251978208136
        ],
        [
          0.6990500724835423,
          0.3787063651927324,
          -0.6065562505892439,
          -2.4406976498194646
        ],
        [
          0.3435677819608703,
          0.5660433997549235,
          0.7493704349822758,
          2.9870435107455373
        ],
        [
          0.0,
          0.0,
          0.0,
          1.0
        ]
      ]
    },
    {
      "file_path": "./images/r_80.png",
      "sharpness": 821.2808570331421,
      "transform_matrix": [
        [
          0.9844707121436967,
          0.1464247937416581,
          -0.09683592688938507,
          -0.40481084265520645
        ],
        [
          -0.15317879999882866,
          0.4470472047761444,
          -0.8812973686210425,
          -3.547047545408365
        ],
        [
          -0.08575355498759529,
          0.8824446591744141,
          0.4625340542432431,
          1.837312962091856
        ],
        [
          0.0,
          0.0,
          0.0,
          1.0
        ]
      ]
    },
    {
      "file_path": "./images/r_74.png",
      "sharpness": 982.5048874479586,
      "transform_matrix": [
        [
          0.633059465826977,
          -0.5329406508458786,
          0.5614356378342622,
          2.260846072131019
        ],
        [
          0.6928320210926077,
          0.06657870648486552,
          -0.7180188482185919,
          -2.869440359508133
        ],
        [
          0.3452817737477139,
          0.8435292161810922,
          0.41138662861071995,
          1.6573632391117068
        ],
        [
          0.0,
          0.0,
          0.0,
          1.0
        ]
      ]
    },
    {
      "file_path": "./images/r_21.png",
      "sharpness": 1020.508460878845,
      "transform_matrix": [
        [
          0.7674320146060579,
          -0.457828428514689,
          0.4488220505155561,
          1.8103919160503352
        ],
        [
          0.5740564144341825,
          0.17895612410963802,
          -0.799020612184845,
          -3.197296537241715
        ],
        [
          0.28549489665222816,
          0.8708431751587392,
          0.4001560049507303,
          1.612123011479225
        ],
        [
          0.0,
          0.0,
          0.0,
          1.0
        ]
      ]
    },
    {
      "file_path": "./images/r_79.png",
      "sharpness": 688.055803125,
      "transform_matrix": [
        [
          0.07183693083217903,
          -0.40541229073190943,
          0.9113069350771174,
          3.639521879093949
        ],
        [
          0.8963476209454377,
          -0.37451856187782245,
          -0.23726944438768446,
          -0.9307453746680335
        ],
        [
          0.43749331172426675,
          0.8338925118725201,
          0.3364860782746029,
          1.3608362084519774
        ],
        [
          0.0,
          0.0,
          0.0,
          1.0
        ]
      ]
    },
    {
      "file_path": "./images/r_28.png",
      "sharpness": 1759.8555864599984,
      "transform_matrix": [
        [
          0.6313475148791249,
          -0.13610777431104146,
          0.7634625002287793,
          3.018264492080042
        ],
        [
          0.6984877644067493,
          -0.3279078792394729,
          -0.6360748900187395,
          -2.527204198416786
        ],
        [
          0.33692010690447577,
          0.9348535160835311,
          -0.11195420967022762,
          -0.45433644932057954
        ],
        [
          0.0,
          0.0,
          0.0,
          1.0
        ]
      ]
    },
    {
      "file_path": "./images/r_78.png",
      "sharpness": 648.632071875,
      "transform_matrix": [
        [
          0.949535664275994,
          0.3094225261663033,
          -0.0513782307630472,
          -0.2038477439953874
        ],
        [
          -0.2761034026434749,
          0.7468329709670891,
          -0.6049854746444618,
          -2.4429240013928277
        ],
        [
          -0.1488251771346099,
          0.5886409888793357,
          0.7945771535195052,
          3.1924019278201894
        ],
        [
          0.0,
          0.0,
          0.0,
          1.0
        ]
      ]
    },
    {
      "file_path": "./images/r_25.png",
      "sharpness": 905.117704739053,
      "transform_matrix": [
        [
          0.8078533505821975,
          0.2717838029573854,
          -0.5229785162228644,
          -2.075733235482212
        ],
        [
          -0.5269989511333671,
          -0.0642169031409359,
          -0.8474363072590986,
          -3.375156566772304
        ],
        [
          -0.2639035230721151,
          0.9602133897390017,
          0.09135193872716227,
          0.37416532636179395
        ],
        [
          0.0,
          0.0,
          0.0,
          1.0
        ]
      ]
    },
    {
      "file_path": "./images/r_8.png",
      "sharpness": 725.2650218215234,
      "transform_matrix": [
        [
          0.6851069836676273,
          0.5024417470969695,
          -0.527428394885525,
          -2.1005781137267343
        ],
        [
          -0.6523578500826417,
          0.1010226922535499,
          -0.7511482217851658,
          -2.9976421313011232
        ],
        [
          -0.32412598846021645,
          0.8586889462745964,
          0.39698316989975824,
          1.5920726626866601
        ],
        [
          0.0,
          0.0,
          0.0,
          1.0
        ]
      ]
    },
    {
      "file_path": "./images/r_26.png",
      "sharpness": 1063.40865,
      "transform_matrix": [
        [
          0.9505475618472148,
          -0.10904748275095391,
          0.29080574134553516,
          1.1712499624330608
        ],
        [
          0.27862039682806333,
          -0.1142941380873087,
          -0.9535761765458859,
          -3.8059523262898556
        ],
        [
          0.13722247322153683,
          0.9874439207048534,
          -0.07825916137514803,
          -0.2979307885325961
        ],
        [
          0.0,
          0.0,
          0.0,
          1.0
        ]
      ]
    },
    {
      "file_path": "./images/r_82.png",
      "sharpness": 986.9701125,
      "transform_matrix": [
        [
          0.9682318617320029,
          -0.07702374794884195,
          0.23789578433932673,
          0.9605691186767144
        ],
        [
          0.22382123108729016,
          -0.15724857076584975,
          -0.961861187236644,
          -3.8395018367710563
        ],
        [
          0.11149492572606912,
          0.984550775367195,
          -0.1350135263384483,
          -0.524436561906227
        ],
        [
          0.0,
          0.0,
          0.0,
          1.0
        ]
      ]
    },
    {
      "file_path": "./images/r_3.png",
      "sharpness": 932.5669413690408,
      "transform_matrix": [
        [
          0.8175028607957369,
          -0.46526292988433815,
          0.3394399485826006,
          1.3495846255613584
        ],
        [
          0.5175958710905602,
          0.33508063294832185,
          -0.7872836106884069,
          -3.1578198630832586
        ],
        [
          0.25255412653980513,
          0.8192993198649158,
          0.5147475475121296,
          2.043271596865002
        ],
        [
          0.0,
          0.0,
          0.0,
          1.0
        ]
      ]
    },
    {
      "file_path": "./images/r_84.png",
      "sharpness": 1192.025825,
      "transform_matrix": [
        [
          0.41262112854532385,
          -0.32177160133253124,
          0.8521777049896417,
          3.4068392905226497
        ],
        [
          0.817757729006906,
          -0.28126542496296203,
          -0.5021574029878388,
          -2.0155624220349178
        ],
        [
          0.4012681160182553,
          0.9040756590708776,
          0.1470751568956088,
          0.58334935254343
        ],
        [
          0.0,
          0.0,
          0.0,
          1.0
        ]
      ]
    },
    {
      "file_path": "./images/r_31.png",
      "sharpness": 959.548053125,
      "transform_matrix": [
        [
          0.242349512304591,
          0.2991743897151603,
          -0.9229092037962449,
          -3.72144519554552
        ],
        [
          -0.8707306013624602,
          -0.3524792439672962,
          -0.34290902937780704,
          -1.3797932488259528
        ],
        [
          -0.42789593799648307,
          0.8867091220590065,
          0.17507712339596362,
          0.6906698484501258
        ],
        [
          0.0,
          0.0,
          0.0,
          1.0
        ]
      ]
    },
    {
      "file_path": "./images/r_81.png",
      "sharpness": 633.434021831162,
      "transform_matrix": [
        [
          0.9816403792149219,
          0.14441591467151355,
          -0.12460421145332691,
          -0.48934310226879035
        ],
        [
          -0.16825763987094255,
          0.3479260651215417,
          -0.9222997451152849,
          -3.6846598286838557
        ],
        [
          -0.08984170830359915,
          0.9263322820819108,
          0.3658373554670983,
          1.4673376183145672
        ],
        [
          0.0,
          0.0,
          0.0,
          1.0
        ]
      ]
    },
    {
      "file_path": "./images/r_29.png",
      "sharpness": 862.58838125,
      "transform_matrix": [
        [
          0.9978481590649712,
          -0.023871902650391127,
          0.061067043010358826,
          0.2541516501734451
        ],
        [
          0.058533416033987686,
          -0.0953493267906007,
          -0.9937214625304165,
          -3.9625755925820263
        ],
        [
          0.029544723455260772,
          0.9951575946438178,
          -0.09374684619672678,
          -0.3601978237784487
        ],
        [
          0.0,
          0.0,
          0.0,
          1.0
        ]
      ]
    },
    {
      "file_path": "./images/r_85.png",
      "sharpness": 810.260396875,
      "transform_matrix": [
        [
          0.3614159278105242,
          -0.3010424886647658,
          0.8824692329882742,
          3.529175759034178
        ],
        [
          0.8397571180397256,
          -0.306206182015199,
          -0.4483812627696517,
          -1.777292778175776
        ],
        [
          0.40519934579404676,
          0.9031119499497089,
          0.1421347813142891,
          0.5824881487365461
        ],
        [
          0.0,
          0.0,
          0.0,
          1.0
        ]
      ]
    },
    {
      "file_path": "./images/r_32.png",
      "sharpness": 847.4952553415526,
      "transform_matrix": [
        [
          0.9506713955561357,
          0.22864807752057406,
          -0.20962813347694093,
          -0.8574592170909833
        ],
        [
          -0.2739289859199845,
          0.3017015769333043,
          -0.9132026440798479,
          -3.6691291279377523
        ],
        [
          -0.14555689051598392,
          0.9255788540965796,
          0.349452395192436,
          1.3842244175040224
        ],
        [
          0.0,
          0.0,
          0.0,
          1.0
        ]
      ]
    },
    {
      "file_path": "./images/r_83.png",
      "sharpness": 690.0683206581153,
      "transform_matrix": [
        [
          0.7168023355813393,
          0.6554783853942343,
          -0.23778666491970296,
          -0.953829667433297
        ],
        [
          -0.6239661145347168,
          0.45077536661236445,
          -0.6383320897256815,
          -2.5583676829270465
        ],
        [
          -0.31122451646400645,
          0.6059287541900014,
          0.7321131369062078,
          2.930821115438792
        ],
        [
          0.0,
          0.0,
          0.0,
          1.0
        ]
      ]
    },
    {
      "file_path": "./images/r_33.png",
      "sharpness": 1099.7283948070683,
      "transform_matrix": [
        [
          0.8809973850485521,
          -0.30433182084615534,
          0.36225094946129205,
          1.4377365756000842
        ],
        [
          0.42615298526548395,
          0.17784517554011325,
          -0.8869975911421863,
          -3.554350071174664
        ],
        [
          0.20551700830193906,
          0.9358168818688164,
          0.28637304855921014,
          1.1321756994364787
        ],
        [
          0.0,
          0.0,
          0.0,
          1.0
        ]
      ]
    },
    {
      "file_path": "./images/r_90.png",
      "sharpness": 944.01220625,
      "transform_matrix": [
        [
          0.18731555973543032,
          0.22688366599937698,
          -0.95573881537333,
          -3.8576800149857746
        ],
        [
          -0.8814051156482724,
          -0.39068972853515627,
          -0.26549304723815337,
          -1.0695442079105042
        ],
        [
          -0.43363337418345616,
          0.8921240598429525,
          0.12679415868543886,
          0.49749550162463013
        ],
        [
          0.0,
          0.0,
          0.0,
          1.0
        ]
      ]
    },
    {
      "file_path": "./images/r_27.png",
      "sharpness": 646.4800335077733,
      "transform_matrix": [
        [
          0.9324525673097782,
          0.3409989630571947,
          -0.11938139276642941,
          -0.4760256421790056
        ],
        [
          -0.31898909450994745,
          0.6218807486077141,
          -0.7151994771393861,
          -2.877285875819599
        ],
        [
          -0.1696412901801596,
          0.7049709509771314,
          0.6886492510542355,
          2.766267701234738
        ],
        [
          0.0,
          0.0,
          0.0,
          1.0
        ]
      ]
    },
    {
      "file_path": "./images/r_73.png",
      "sharpness": 817.9388562499607,
      "transform_matrix": [
        [
          0.719253318067117,
          0.4031319563930365,
          -0.5658262014185066,
          -2.2499922958372367
        ],
        [
          -0.6223167443271184,
          0.011768347799213808,
          -0.7826770571096303,
          -3.1200988431692394
        ],
        [
          -0.30886329372434834,
          0.9150661898228534,
          0.25934018983948864,
          1.0427706263093497
        ],
        [
          0.0,
          0.0,
          0.0,
          1.0
        ]
      ]
    },
    {
      "file_path": "./images/r_98.png",
      "sharpness": 753.125309375,
      "transform_matrix": [
        [
          0.5496869816304102,
          -0.7936634709469603,
          0.2606578545488384,
          1.0449019322764777
        ],
        [
          0.7488223129465102,
          0.3298285498476657,
          -0.5748723957057281,
          -2.312317771848328
        ],
        [
          0.37028281875515556,
          0.5111862895490606,
          0.7756153760369571,
          3.092576353356515
        ],
        [
          0.0,
          0.0,
          0.0,
          1.0
        ]
      ]
    },
    {
      "file_path": "./images/r_92.png",
      "sharpness": 1213.5009875,
      "transform_matrix": [
        [
          0.3341475743732295,
          0.2130691741623911,
          -0.9181214111378596,
          -3.6466515366022083
        ],
        [
          -0.8456686220031255,
          -0.3623338865110214,
          -0.39186571226731676,
          -1.556501459988431
        ],
        [
          -0.4161610028819185,
          0.9073674458226807,
          0.05911292561437056,
          0.24721294536777028
        ],
        [
          0.0,
          0.0,
          0.0,
          1.0
        ]
      ]
    },
    {
      "file_path": "./images/r_30.png",
      "sharpness": 811.79555625,
      "transform_matrix": [
        [
          0.3013302994703387,
          -0.5032398636494175,
          0.8099072109092268,
          3.251053413235612
        ],
        [
          0.8569272831608097,
          -0.22958914362890268,
          -0.46148072170785165,
          -1.8346474864903497
        ],
        [
          0.41818139844061647,
          0.8330897099288076,
          0.36205780373047575,
          1.4632743569172861
        ],
        [
          0.0,
          0.0,
          0.0,
          1.0
        ]
      ]
    },
    {
      "file_path": "./images/r_76.png",
      "sharpness": 906.688275,
      "transform_matrix": [
        [
          0.24157154130104366,
          0.3963968212175183,
          -0.8857272439016517,
          -3.5271707264576064
        ],
        [
          -0.8702870691244413,
          -0.31524570339321595,
          -0.3784449283746912,
          -1.5064818778782776
        ],
        [
          -0.42923607463192953,
          0.8622584917838748,
          0.2688246372904083,
          1.0836103218784359
        ],
        [
          0.0,
          0.0,
          0.0,
          1.0
        ]
      ]
    },
    {
      "file_path": "./images/r_97.png",
      "sharpness": 669.2157671002903,
      "transform_matrix": [
        [
          0.39966028322640873,
          0.8332892215425016,
          -0.38196954237217545,
          -1.5308714067179394
        ],
        [
          -0.8215081358239384,
          0.14072370184186506,
          -0.5525587955327631,
          -2.207502959345946
        ],
        [
          -0.4066891205925027,
          0.5346268914175563,
          0.7407955495263499,
          2.9644160910606545
        ],
        [
          0.0,
          0.0,
          0.0,
          1.0
        ]
      ]
    },
    {
      "file_path": "./images/r_7.png",
      "sharpness": 777.3471109237671,
      "transform_matrix": [
        [
          0.8554082383626932,
          0.30212612110722104,
          -0.42070958238845596,
          -1.66860835874333
        ],
        [
          -0.46311407605338767,
          0.08238873694658819,
          -0.8824610181708773,
          -3.515502376877213
        ],
        [
          -0.23195279333398441,
