{
  "camera_angle_x": 0.689849168120258,
  "camera_angle_y": 0.6901713531960602,
  "fl_x": 1113.314892858952,
  "fl_y": 1112.751534989602,
  "k1": -0.05678358673718012,
  "k2": 0.00035489905683654485,
  "k3": 0,
  "k4": 0,
  "p1": -0.0017645524092658146,
  "p2": 0.00032877870196132923,
  "is_fisheye": false,
  "cx": 400.00342361120954,
  "cy": 399.0605691573189,
  "w": 800.0,
  "h": 800.0,
  "aabb_scale": 32,
  "frames": [
    {
      "file_path": "./images/r_62.png",
      "sharpness": 339.746321875,
      "transform_matrix": [
        [
          0.627061066665232,
          -0.4798897634767211,
          0.6135961486753315,
          2.4559954190529916
        ],
        [
          0.7633444469083694,
          0.5355369753169064,
          -0.3612553161485928,
          -1.4449576958636232
        ],
        [
          -0.15524069730643353,
          0.6949143566182989,
          0.7021355730590173,
          2.8097753373404015
        ],
        [
          0.0,
          0.0,
          0.0,
          1.0
        ]
      ]
    },
    {
      "file_path": "./images/r_61.png",
      "sharpness": 392.917871875,
      "transform_matrix": [
        [
          -0.6130966560874307,
          0.7542016847309192,
          -0.2351431673039547,
          -0.9378293520452974
        ],
        [
          -0.7745838739257315,
          -0.515352521626134,
          0.36664915206616416,
          1.464037708559052
        ],
        [
          0.15534578398021512,
          0.40692947454652056,
          0.9001533703953963,
          3.5983285619543888
        ],
        [
          0.0,
          0.0,
          0.0,
          1.0
        ]
      ]
    },
    {
      "file_path": "./images/r_60.png",
      "sharpness": 412.837284375,
      "transform_matrix": [
        [
          -0.40828423432652516,
          0.8391620233002726,
          -0.3593203066030036,
          -1.434198827678684
        ],
        [
          -0.9019605011806564,
          -0.3102139843485349,
          0.30039064270977195,
          1.2006296499527047
        ],
        [
          0.14061023554814656,
          0.446737487385645,
          0.8835464781848105,
          3.5330638130131846
        ],
        [
          0.0,
          0.0,
          0.0,
          1.0
        ]
      ]
    },
    {
      "file_path": "./images/r_57.png",
      "sharpness": 350.644384375,
      "transform_matrix": [
        [
          -0.5293291742872347,
          -0.46213434973021633,
          0.7115071806623638,
          2.844895737847413
        ],
        [
          0.8482361655759569,
          -0.270973475162568,
          0.45504811083045255,
          1.818987623968398
        ],
        [
          -0.017493789447392823,
          0.8443963634716526,
          0.5354332346576419,
          2.141230199435934
        ],
        [
          0.0,
          0.0,
          0.0,
          1.0
        ]
      ]
    },
    {
      "file_path": "./images/r_58.png",
      "sharpness": 461.015240625,
      "transform_matrix": [
        [
          -0.9498178541391051,
          0.29171879588437416,
          0.11289901758933761,
          0.45064328777311
        ],
        [
          -0.2716011528535516,
          -0.9481642689273381,
          0.16497676473113618,
          0.6541544334500979
        ],
        [
          0.1551736376314756,
          0.12603437332644238,
          0.979814512555184,
          3.908654591355644
        ],
        [
          0.0,
          0.0,
          0.0,
          1.0
        ]
      ]
    },
    {
      "file_path": "./images/r_56.png",
      "sharpness": 350.986059375,
      "transform_matrix": [
        [
          0.16234059982632906,
          -0.5445117945051726,
          0.8228927241014262,
          3.2983565291760435
        ],
        [
          0.9795890232116304,
          0.18911897665398542,
          -0.06811283488211159,
          -0.2733840747285877
        ],
        [
          -0.11853638792757895,
          0.8171541582811076,
          0.5640994650150836,
          2.2605919698795014
        ],
        [
          0.0,
          0.0,
          0.0,
          1.0
        ]
      ]
    },
    {
      "file_path": "./images/r_55.png",
      "sharpness": 387.1174,
      "transform_matrix": [
        [
          0.8262054311743335,
          -0.4104848373577931,
          0.3858585024120381,
          1.544087480434336
        ],
        [
          0.5412816124356089,
          0.768293109008619,
          -0.3416722328372948,
          -1.3645724169929643
        ],
        [
          -0.15620115752966346,
          0.49114956680921185,
          0.8569558340421304,
          3.429319294688786
        ],
        [
          0.0,
          0.0,
          0.0,
          1.0
        ]
      ]
    },
    {
      "file_path": "./images/r_52.png",
      "sharpness": 350.4138,
      "transform_matrix": [
        [
          -0.8499676077672932,
          -0.285925987752842,
          0.4424945144972849,
          1.7655779016477784
        ],
        [
          0.5236687848578251,
          -0.5504697553837409,
          0.6501953953822944,
          2.5958348912353277
        ],
        [
          0.057672086496935414,
          0.7843655895074447,
          0.6176119756975695,
          2.4667705637127884
        ],
        [
          0.0,
          0.0,
          0.0,
          1.0
        ]
      ]
    },
    {
      "file_path": "./images/r_6.png",
      "sharpness": 234.128471875,
      "transform_matrix": [
        [
          0.765089027035457,
          -0.010707398325279123,
          0.6438354855219793,
          2.581330258482588
        ],
        [
          0.6237779836426302,
          0.2604738521105505,
          -0.7369222479288235,
          -2.953581178538109
        ],
        [
          -0.15981178899604254,
          0.9654215266251198,
          0.20596472541684005,
          0.8258549091674259
        ],
        [
          0.0,
          0.0,
          0.0,
          1.0
        ]
      ]
    },
    {
      "file_path": "./images/r_59.png",
      "sharpness": 269.249075,
      "transform_matrix": [
        [
          0.9855240736487408,
          0.1608215512754387,
          -0.053653788220719485,
          -0.21401284737676948
        ],
        [
          -0.12364465741699288,
          0.46528738433283173,
          -0.876481402356029,
          -3.516991794605221
        ],
        [
          -0.11599266801020247,
          0.8704275263909498,
          0.4784366440377807,
          1.9188822759752282
        ],
        [
          0.0,
          0.0,
          0.0,
          1.0
        ]
      ]
    },
    {
      "file_path": "./images/r_53.png",
      "sharpness": 332.975778125,
      "transform_matrix": [
        [
          0.38701154050266984,
          -0.34964674429567205,
          0.8532111238184067,
          3.4223471037003956
        ],
        [
          0.9114532245052626,
          0.28510637167110586,
          -0.29659294727714264,
          -1.1898995665063161
        ],
        [
          -0.13955316938478174,
          0.8924469234159998,
          0.4290261086336186,
          1.7194705050088226
        ],
        [
          0.0,
          0.0,
          0.0,
          1.0
        ]
      ]
    },
    {
      "file_path": "./images/r_51.png",
      "sharpness": 355.476540625,
      "transform_matrix": [
        [
          0.32884624934927753,
          -0.5631037467534882,
          0.7581387173646902,
          3.036575690753159
        ],
        [
          0.9347089400959531,
          0.30868601448067395,
          -0.17615942146755056,
          -0.7058314592043604
        ],
        [
          -0.13483078883249175,
          0.7665684019907975,
          0.6278483443805594,
          2.5145839862092485
        ],
        [
          0.0,
          0.0,
          0.0,
          1.0
        ]
      ]
    },
    {
      "file_path": "./images/r_48.png",
      "sharpness": 419.4271625,
      "transform_matrix": [
        [
          -0.9216338594431174,
          0.3877294185886135,
          -0.016028948037871672,
          -0.06276166364549167
        ],
        [
          -0.35634203478810295,
          -0.8292252262479348,
          0.4305878289039069,
          1.715412742874367
        ],
        [
          0.15365996048902453,
          0.4025561105412688,
          0.9024063355815518,
          3.6004073209038228
        ],
        [
          0.0,
          0.0,
          0.0,
          1.0
        ]
      ]
    },
    {
      "file_path": "./images/r_5.png",
      "sharpness": 468.3095875,
      "transform_matrix": [
        [
          0.5220375379953952,
          -0.7355677030130116,
          0.43176030768720475,
          1.726493600939977
        ],
        [
          0.8395903420379928,
          0.5323261775739919,
          -0.1082446221714227,
          -0.4317199272582281
        ],
        [
          -0.15021606612515548,
          0.4190095404691406,
          0.8954697865160215,
          3.582998846575904
        ],
        [
          0.0,
          0.0,
          0.0,
          1.0
        ]
      ]
    },
    {
      "file_path": "./images/r_54.png",
      "sharpness": 232.507971875,
      "transform_matrix": [
        [
          -0.7854640150327074,
          0.30227415199526403,
          -0.5400709381280616,
          -2.1624517919178157
        ],
        [
          -0.5984697165235383,
          -0.14855633186424755,
          0.7872515574264181,
          3.1520853330735226
        ],
        [
          0.1577348394132334,
          0.9415738703810084,
          0.29758757894162163,
          1.1918154210716592
        ],
        [
          0.0,
          0.0,
          0.0,
          1.0
        ]
      ]
    },
    {
      "file_path": "./images/r_47.png",
      "sharpness": 343.121975,
      "transform_matrix": [
        [
          -0.9430866868961614,
          -0.13116881651590487,
          0.3055850825209239,
          1.2184969403009644
        ],
        [
          0.32010760379207587,
          -0.607055106023424,
          0.7273343249485957,
          2.90303904662443
        ],
        [
          0.09010340205401449,
          0.783759427302004,
          0.614493724250178,
          2.454148241770564
        ],
        [
          0.0,
          0.0,
          0.0,
          1.0
        ]
      ]
    },
    {
      "file_path": "./images/r_50.png",
      "sharpness": 237.87860625,
      "transform_matrix": [
        [
          0.9724236883183174,
          0.18418930581407422,
          -0.14306107125074266,
          -0.5739654757732062
        ],
        [
          -0.20706571483895292,
          0.3996037704370219,
          -0.8929953059192381,
          -3.581628261620889
        ],
        [
          -0.10731244201793523,
          0.8979928320170917,
          0.42672346258835714,
          1.7108926945527048
        ],
        [
          0.0,
          0.0,
          0.0,
          1.0
        ]
      ]
    },
    {
      "file_path": "./images/r_49.png",
      "sharpness": 345.54015625,
      "transform_matrix": [
        [
          -0.32864782645624163,
          0.6706031030480775,
          -0.6650429192421781,
          -2.6629274769876132
        ],
        [
          -0.9347991320287998,
          -0.13054887113184985,
          0.33031435785845914,
          1.3235410156379366
        ],
        [
          0.13468923099991956,
          0.7302386394269598,
          0.6697838014089617,
          2.68394157623814
        ],
        [
          0.0,
          0.0,
          0.0,
          1.0
        ]
      ]
    },
    {
      "file_path": "./images/r_45.png",
      "sharpness": 367.3459,
      "transform_matrix": [
        [
          0.856347074351928,
          -0.33754440969840854,
          0.39081128414687266,
          1.5647358213504368
        ],
        [
          0.49222508064348885,
          0.7623928243603453,
          -0.42008529056896476,
          -1.6792521153271298
        ],
        [
          -0.15615427728454206,
          0.5521059254125925,
          0.8190206889324431,
          3.278610835977808
        ],
        [
          0.0,
          0.0,
          0.0,
          1.0
        ]
      ]
    },
    {
      "file_path": "./images/r_43.png",
      "sharpness": 304.41046875,
      "transform_matrix": [
        [
          -0.4848319553580859,
          -0.24368932748387273,
          0.8399723131272805,
          3.3597445381970954
        ],
        [
          0.8743030056371255,
          -0.10970724055794255,
          0.47281981314883054,
          1.8919993766073508
        ],
        [
          -0.02307009766902278,
          0.9636284725601426,
          0.2662478874174871,
          1.0630194907290758
        ],
        [
          0.0,
          0.0,
          0.0,
          1.0
        ]
      ]
    },
    {
      "file_path": "./images/r_4.png",
      "sharpness": 304.97798125,
      "transform_matrix": [
        [
          -0.6610694682667955,
          -0.2070361428492213,
          0.7211956695418068,
          2.8843422122839044
        ],
        [
          0.7502326586765463,
          -0.19744053993771182,
          0.6310056981099859,
          2.5254724570529667
        ],
        [
          0.011752276542502311,
          0.958203145909248,
          0.2858471886428407,
          1.1421190720365448
        ],
        [
          0.0,
          0.0,
          0.0,
          1.0
        ]
      ]
    },
    {
      "file_path": "./images/r_41.png",
      "sharpness": 483.874734375,
      "transform_matrix": [
        [
          0.45153535795867406,
          -0.7897784054172295,
          0.4151697134137221,
          1.6585537692648327
        ],
        [
          0.8803745341541878,
          0.4700290734361185,
          -0.06335100425901712,
          -0.25134579746775937
        ],
        [
          -0.14510858058932388,
          0.39411006142667004,
          0.9075355416791924,
          3.630025287180174
        ],
        [
          0.0,
          0.0,
          0.0,
          1.0
        ]
      ]
    },
    {
      "file_path": "./images/r_44.png",
      "sharpness": 211.016075,
      "transform_matrix": [
        [
          0.29717589903169533,
          -0.08288441771140595,
          0.9512185124468647,
          3.8112783520187574
        ],
        [
          0.9456937741627345,
          0.162980065569725,
          -0.28124861553397223,
          -1.1280065541703572
        ],
        [
          -0.1317185277990538,
          0.9831417352620657,
          0.12681702531470776,
          0.506679320339716
        ],
        [
          0.0,
          0.0,
          0.0,
          1.0
        ]
      ]
    },
    {
      "file_path": "./images/r_42.png",
      "sharpness": 399.173575,
      "transform_matrix": [
        [
          0.8920852425924899,
          0.43455658739277936,
          -0.12387288802849811,
          -0.4924599702748203
        ],
        [
          -0.44617728825349984,
          0.8037411649947721,
          -0.3936063606481023,
          -1.572533854411456
        ],
        [
          -0.07148249752403885,
          0.4063996949933945,
          0.910894911911538,
          3.643208719709632
        ],
        [
          0.0,
          0.0,
          0.0,
          1.0
        ]
      ]
    },
    {
      "file_path": "./images/r_46.png",
      "sharpness": 166.4454625,
      "transform_matrix": [
        [
          0.8451348900841887,
          0.2365266720701039,
          -0.4793768361613945,
          -1.926957260792692
        ],
        [
          -0.5313953098047083,
          0.27441057249287587,
          -0.8014473547431139,
          -3.214675196361165
        ],
        [
          -0.058017603605904945,
          0.932069724424271,
          0.35760311320347576,
          1.4348785688352255
        ],
        [
          0.0,
          0.0,
          0.0,
          1.0
        ]
      ]
    },
    {
      "file_path": "./images/r_37.png",
      "sharpness": 316.554109375,
      "transform_matrix": [
        [
          -0.9236274174831466,
          -0.10570009432657684,
          0.36842893998578335,
          1.4704581746179772
        ],
        [
          0.3746176217457171,
          -0.45227872074186365,
          0.8093859377606772,
          3.2327670446580172
        ],
        [
          0.08108039969314254,
          0.8855910167208388,
          0.45733414477630907,
          1.8268551591806486
        ],
        [
          0.0,
          0.0,
          0.0,
          1.0
        ]
      ]
    },
    {
      "file_path": "./images/r_39.png",
      "sharpness": 247.676434375,
      "transform_matrix": [
        [
          0.9792653857353881,
          0.1729556075451553,
          -0.10547825465700902,
          -0.4224456765364495
        ],
        [
          -0.16880122931945693,
          0.4087672270961379,
          -0.8968921334449418,
          -3.5974675534141394
        ],
        [
          -0.11200647016735464,
          0.8961002800735701,
          0.4294867154896004,
          1.721939887178838
        ],
        [
          0.0,
          0.0,
          0.0,
          1.0
        ]
      ]
    },
    {
      "file_path": "./images/r_40.png",
      "sharpness": 249.8712,
      "transform_matrix": [
        [
          -0.899228673601298,
          0.3145738693093192,
          -0.3040247907774876,
          -1.2180384278959557
        ],
        [
          -0.40863027098083377,
          -0.35577909342569175,
          0.8405013612852557,
          3.366095329166748
        ],
        [
          0.15623410093750262,
          0.8800366569089223,
          0.44847116773561374,
          1.795748431288644
        ],
        [
          0.0,
          0.0,
          0.0,
          1.0
        ]
      ]
    },
    {
      "file_path": "./images/r_38.png",
      "sharpness": 447.53559375,
      "transform_matrix": [
        [
          0.2417070270983222,
          0.9272516692216216,
          -0.2859756197008547,
          -1.1404703603984934
        ],
        [
          -0.9681728718317981,
          0.25018143571985413,
          -0.007109111981462299,
          -0.02797019727086974
        ],
        [
          0.06495385516614051,
          0.2785921593220036,
          0.958210522564163,
          3.83382470945475
        ],
        [
          0.0,
          0.0,
          0.0,
          1.0
        ]
      ]
    },
    {
      "file_path": "./images/r_33.png",
      "sharpness": 458.8617,
      "transform_matrix": [
        [
          -0.9868032648343235,
          0.12125353873662008,
          0.10731680177143023,
          0.42796234065971167
        ],
        [
          -0.08733176572182652,
          -0.9566474662707012,
          0.2778466986969628,
          1.105372408469556
        ],
        [
          0.1363542419462079,
          0.26480786360728326,
          0.9546121286493003,
          3.8072596302519472
        ],
        [
          0.0,
          0.0,
          0.0,
          1.0
        ]
      ]
    },
    {
      "file_path": "./images/r_22.png",
      "sharpness": 329.172009375,
      "transform_matrix": [
        [
          -0.5368271064626187,
          0.6214105764288214,
          -0.5706711429147736,
          -2.2815509872285786
        ],
        [
          -0.8300677437483119,
          -0.2679411117229801,
          0.4890757624747774,
          1.956711366772704
        ],
        [
          0.15101059101600867,
          0.7362448344318706,
          0.6596509268262344,
          2.6397682037228423
        ],
        [
          0.0,
          0.0,
          0.0,
          1.0
        ]
      ]
    },
    {
      "file_path": "./images/r_2.png",
      "sharpness": 383.00965,
      "transform_matrix": [
        [
          0.9465217990354445,
          -0.16100913199433797,
          0.2795935325636431,
          1.1186909099373963
        ],
        [
          0.2861101719146785,
          0.8193977918597615,
          -0.4967174531112686,
          -1.9845647449550727
        ],
        [
          -0.1491222772290357,
          0.5501484509991982,
          0.8216442225115055,
          3.2862261283718226
        ],
        [
          0.0,
          0.0,
          0.0,
          1.0
        ]
      ]
    },
    {
      "file_path": "./images/r_12.png",
      "sharpness": 310.815190625,
      "transform_matrix": [
        [
          -0.45140198569144535,
          -0.31791591641068695,
          0.8337659848499784,
          3.3351815110390595
        ],
        [
          0.8918357960043745,
          -0.12993806296008992,
          0.4332955258971275,
          1.7339886697364026
        ],
        [
          -0.02941360715881787,
          0.9391728115612343,
          0.34218309401166985,
          1.3682807052725647
        ],
        [
          0.0,
          0.0,
          0.0,
          1.0
        ]
      ]
    },
    {
      "file_path": "./images/r_21.png",
      "sharpness": 358.96595625,
      "transform_matrix": [
        [
          0.9723905553699694,
          -0.006595122579327845,
          0.23326618330081123,
          0.9354454945186794
        ],
        [
          0.18485330644215056,
          0.6318647572658594,
          -0.752712550463858,
          -3.0110534060282017
        ],
        [
          -0.14242844875239294,
          0.7750506002437926,
          0.6156384524516402,
          2.463443144185631
        ],
        [
          0.0,
          0.0,
          0.0,
          1.0
        ]
      ]
    },
    {
      "file_path": "./images/r_19.png",
      "sharpness": 278.81865,
      "transform_matrix": [
        [
          -0.9912625747708012,
          0.09658363931695826,
          0.08983378296239765,
          0.35769392896593116
        ],
        [
          0.04700434934472685,
          -0.37769307116524203,
          0.9247370086351531,
          3.696580710726033
        ],
        [
          0.12324406308652021,
          0.9208797666828534,
          0.36985315507291006,
          1.4781342960489192
        ],
        [
          0.0,
          0.0,
          0.0,
          1.0
        ]
      ]
    },
    {
      "file_path": "./images/r_13.png",
      "sharpness": 481.942790625,
      "transform_matrix": [
        [
          -0.4176975408794481,
          -0.8836278394291038,
          0.21149611300304516,
          0.838859757228839
        ],
        [
          0.9078656292585552,
          -0.39663320078949604,
          0.13587532243012967,
          0.5408623159440649
        ],
        [
          -0.03617683733573365,
          0.24876483976251526,
          0.9678880570745981,
          3.8708451212911354
        ],
        [
          0.0,
          0.0,
          0.0,
          1.0
        ]
      ]
    },
    {
      "file_path": "./images/r_17.png",
      "sharpness": 347.259121875,
      "transform_matrix": [
        [
          0.9811766266860196,
          0.1915983342269126,
          -0.024135153879690188,
          -0.09442345333117687
        ],
        [
          -0.15733374185354837,
          0.7206532149085583,
          -0.6752074033357194,
          -2.6980680195197246
        ],
        [
          -0.11197553750109149,
          0.6662949963884709,
          0.7372329732712418,
          2.9478273645752315
        ],
        [
          0.0,
          0.0,
          0.0,
          1.0
        ]
      ]
    },
    {
      "file_path": "./images/r_14.png",
      "sharpness": 353.09913125,
      "transform_matrix": [
        [
          0.9562674262691085,
          0.278478841204881,
          -0.08945470666277688,
          -0.3555225386316703
        ],
        [
          -0.275684416028467,
          0.7559397776893725,
          -0.5937618674763734,
          -2.3721474427301317
        ],
        [
          -0.09772774573853922,
          0.5924564013956964,
          0.79965286233931,
          3.1975894239288154
        ],
        [
          0.0,
          0.0,
          0.0,
          1.0
        ]
      ]
    },
    {
      "file_path": "./images/r_1.png",
      "sharpness": 394.803528125,
      "transform_matrix": [
        [
          0.12739293492590867,
          -0.6778374116038136,
          0.7240907979304024,
          2.897188567671023
        ],
        [
          0.9851756426881456,
          0.17103905230676902,
          -0.013213464460408922,
          -0.052940666151072215
        ],
        [
          -0.11489122331390564,
          0.7150399192338072,
          0.6895780744751616,
          2.7598431659127294
        ],
        [
          0.0,
          0.0,
          0.0,
          1.0
        ]
      ]
    },
    {
      "file_path": "./images/r_7.png",
      "sharpness": 482.479359375,
      "transform_matrix": [
        [
          -0.11621128089049178,
          -0.876914825541035,
          0.4663853846620935,
          1.8618791953517246
        ],
        [
          0.9892794976515261,
          -0.060384909653237624,
          0.13296517670262095,
          0.5301141117888547
        ],
        [
          -0.08843649541480073,
          0.476837552548972,
          0.8745312657916702,
          3.4966470731193033
        ],
        [
          0.0,
          0.0,
          0.0,
          1.0
        ]
      ]
    },
    {
      "file_path": "./images/r_73.png",
      "sharpness": 407.83248125,
      "transform_matrix": [
        [
          -0.4516873335854815,
          0.8111759156556515,
          -0.37144607498926974,
          -1.4832116107425897
        ],
        [
          -0.8804427209567333,
          -0.3379773336688929,
          0.3325536603969566,
          1.3295429526446816
        ],
        [
          0.14421916595049084,
          0.47724726909104503,
          0.8668540110116646,
          3.4673619918261323
        ],
        [
          0.0,
          0.0,
          0.0,
          1.0
        ]
      ]
    },
    {
      "file_path": "./images/r_23.png",
      "sharpness": 283.8746375,
      "transform_matrix": [
        [
          0.8592994939504843,
          0.39897707241688957,
          -0.32003386612727514,
          -1.2775660792129684
        ],
        [
          -0.5077679076674929,
          0.590270686270229,
          -0.6274968277816978,
          -2.5082912413402068
        ],
        [
          -0.061450237510565726,
          0.7017106331545327,
          0.7098070552742392,
          2.8379318456372955
        ],
        [
          0.0,
          0.0,
          0.0,
          1.0
        ]
      ]
    },
    {
      "file_path": "./images/r_8.png",
      "sharpness": 177.800375,
      "transform_matrix": [
        [
          -0.8925508098307489,
          0.18703401083962826,
          -0.41033075773819006,
          -1.6366071062255463
        ],
        [
          -0.42461464209578476,
          -0.0421893191582612,
          0.9043906606494095,
          3.6091642592174433
        ],
        [
          0.1518402373284927,
          0.9814470644038907,
          0.1170734905533221,
          0.4673717737210383
        ],
        [
          0.0,
          0.0,
          0.0,
          1.0
        ]
      ]
    },
    {
      "file_path": "./images/r_25.png",
      "sharpness": 285.6898,
      "transform_matrix": [
        [
          0.5230508941795253,
          0.6037685740652486,
          -0.601565683159783,
          -2.407342357883156
        ],
        [
          -0.8521483698228476,
          0.3838383017624289,
          -0.3556842896607081,
          -1.423460944799942
        ],
        [
          0.01615295383675005,
          0.69866420199862,
          0.715267373097156,
          2.8641176993855044
        ],
        [
          0.0,
          0.0,
          0.0,
          1.0
        ]
      ]
    },
    {
      "file_path": "./images/r_81.png",
      "sharpness": 173.4055,
      "transform_matrix": [
        [
          0.9582664657713559,
          0.16601365375304963,
          -0.23273342568681182,
          -0.9376730450742693
        ],
        [
          -0.26753517202974414,
          0.23387243745524247,
          -0.934734515640031,
          -3.7602422551081394
        ],
        [
          -0.10074875868780568,
          0.9579891178150659,
          0.26852660549767643,
          1.0814038482360546
        ],
        [
          0.0,
          0.0,
          0.0,
          1.0
        ]
      ]
    },
    {
      "file_path": "./images/r_18.png",
      "sharpness": 319.477234375,
      "transform_matrix": [
        [
          -0.27964978009147334,
          -0.3121599200321166,
          0.9079384257242418,
          3.6337819727578444
        ],
        [
          0.9583095755066172,
          -0.032993981428483636,
          0.28382063822926795,
          1.1359082144282002
        ],
        [
          -0.05864092417656031,
          0.9494564664081808,
          0.3083726001069751,
          1.2327705184255118
        ],
        [
          0.0,
          0.0,
          0.0,
          1.0
        ]
      ]
    },
    {
      "file_path": "./images/r_76.png",
      "sharpness": 421.669334375,
      "transform_matrix": [
        [
          0.9904716496045431,
          0.1162862508730947,
          0.07377953153698256,
          0.2972489299723807
        ],
        [
          -0.06875558714517781,
          0.8817360812598697,
          -0.4667056376816712,
          -1.8650542203603104
        ],
        [
          -0.11932552388194644,
          0.4571859478241835,
          0.8813299203769996,
          3.5248645367725406
        ],
        [
          0.0,
          0.0,
          0.0,
          1.0
        ]
      ]
    },
    {
      "file_path": "./images/r_20.png",
      "sharpness": 349.563809375,
      "transform_matrix": [
        [
          -0.34846530666713765,
          -0.5269723927585261,
          0.7751593561365384,
          3.100168384895737
        ],
        [
          0.9360772859498725,
          -0.15305106978320238,
          0.3167565070680995,
          1.2669899902775879
        ],
        [
          -0.048282965742353835,
          0.8359877196452383,
          0.5466198751516486,
          2.187006277298446
        ],
        [
          0.0,
          0.0,
          0.0,
          1.0
        ]
      ]
    },
    {
      "file_path": "./images/r_75.png",
      "sharpness": 307.594490625,
      "transform_matrix": [
        [
          0.43861853694098507,
          0.6583988395859256,
          -0.6116573772709172,
          -2.450300132566446
        ],
        [
          -0.8982079554203151,
          0.34308194089879473,
          -0.27480402226280753,
          -1.1002737059346683
        ],
        [
          0.02891795078779526,
          0.6699296604466739,
          0.7418611745234858,
          2.973559248743318
        ],
        [
          0.0,
          0.0,
          0.0,
          1.0
        ]
      ]
    },
    {
      "file_path": "./images/r_16.png",
      "sharpness": 176.15465625,
      "transform_matrix": [
        [
          -0.513930642379349,
          -0.030473068804046013,
          0.8572903166299587,
          3.4266840186864953
        ],
        [
          0.8576864841136376,
          0.00013684694279037746,
          0.5141730022519135,
          2.0586178919141926
        ],
        [
          -0.01578574683372014,
          0.9995355788764609,
          0.026066009405479214,
          0.09056408499063588
        ],
        [
          0.0,
          0.0,
          0.0,
          1.0
        ]
      ]
    },
    {
      "file_path": "./images/r_77.png",
      "sharpness": 277.10720625,
      "transform_matrix": [
        [
          -0.9453829095127843,
          0.2722492424939459,
          -0.17925262745325862,
          -0.7175349928902977
        ],
        [
          -0.28863465347038625,
          -0.44365159221433476,
          0.8484475832629617,
          3.3926030271058036
        ],
        [
          0.15146349826091937,
          0.8538463648428566,
          0.49800119882238253,
          1.99117722730165
        ],
        [
          0.0,
          0.0,
          0.0,
          1.0
        ]
      ]
    },
    {
      "file_path": "./images/r_27.png",
      "sharpness": 339.15925625,
      "transform_matrix": [
        [
          0.9074642319576947,
          -0.03570923967058555,
          0.41860902762107505,
          1.6785413605013086
        ],
        [
          0.39041400253518976,
          0.43973735539240444,
          -0.808831233880092,
          -3.2397473798729473
        ],
        [
          -0.15519527836579816,
          0.8974162404072997,
          0.41298730866155775,
          1.654320628107677
        ],
        [
          0.0,
          0.0,
          0.0,
          1.0
        ]
      ]
    },
    {
      "file_path": "./images/r_74.png",
      "sharpness": 420.291715625,
      "transform_matrix": [
        [
          -0.11019979842519544,
          -0.7771483199220905,
          0.6195938131999059,
          2.4769373111470565
        ],
        [
          0.9901508319233907,
          -0.03167722157530806,
          0.1363740579352651,
          0.5447147083991846
        ],
        [
          -0.08635585949792567,
          0.628519723289365,
          0.7729848789309927,
          3.0925756979223555
        ],
        [
          0.0,
          0.0,
          0.0,
          1.0
        ]
      ]
    },
    {
      "file_path": "./images/r_24.png",
      "sharpness": 313.285353125,
      "transform_matrix": [
        [
          -0.38002176245804303,
          -0.30223381245889824,
          0.8742071738158659,
          3.4978518570597164
        ],
        [
          0.9240088521824706,
          -0.08079837859679531,
          0.373736890215037,
          1.495365869021292
        ],
        [
          -0.04232140298421453,
          0.9498033189623868,
          0.30997186037898516,
          1.2394646952778208
        ],
        [
          0.0,
          0.0,
          0.0,
          1.0
        ]
      ]
    },
    {
      "file_path": "./images/r_84.png",
      "sharpness": 217.33238125,
      "transform_matrix": [
        [
          -0.9517694894649013,
          0.2050897888771828,
          -0.22819513033436048,
          -0.9131170064430063
        ],
        [
          -0.26905208836379624,
          -0.20043352099787332,
          0.9420389468650009,
          3.7678716742079854
        ],
        [
          0.14746461527914215,
          0.9580003038846635,
          0.24594634595129447,
          0.9833208587427438
        ],
        [
          0.0,
          0.0,
          0.0,
          1.0
        ]
      ]
    },
    {
      "file_path": "./images/r_26.png",
      "sharpness": 394.892915625,
      "transform_matrix": [
        [
          -0.8240141316925496,
          0.5582467532782489,
          -0.09675367337495845,
          -0.38426652715916304
        ],
        [
          -0.5428059651196165,
          -0.7289176307188282,
          0.417181940957247,
          1.6619898349518416
        ],
        [
          0.16236500570588314,
          0.3962822858908612,
          0.9036580962402588,
          3.605927204554628
        ],
        [
          0.0,
          0.0,
          0.0,
          1.0
        ]
      ]
    },
    {
      "file_path": "./images/r_78.png",
      "sharpness": 422.3753375,
      "transform_matrix": [
        [
          -0.9802886775048746,
          -0.0870469033719955,
          0.17736105958008896,
          0.7067161002558322
        ],
        [
          0.16489889307198966,
          -0.8549440891673626,
          0.49181191472397845,
          1.9587573136367984
        ],
        [
          0.1088230853182833,
          0.5113642938647409,
          0.8524459485218702,
          3.39972638994521
        ],
        [
          0.0,
          0.0,
          0.0,
          1.0
        ]
      ]
    },
    {
      "file_path": "./images/r_28.png",
      "sharpness": 475.5760625,
      "transform_matrix": [
        [
          -0.9898528928513237,
          -0.04746821729970955,
          0.13393288971172967,
          0.5333213880017523
        ],
        [
          0.07093742101712067,
          -0.9817741425502798,
          0.1763162366946033,
          0.6996294938236063
        ],
        [
          0.12312243051912795,
          0.18402799073433254,
          0.9751792480455443,
          3.888875431334544
        ],
        [
          0.0,
          0.0,
          0.0,
          1.0
        ]
      ]
    },
    {
      "file_path": "./images/r_80.png",
      "sharpness": 358.79175,
      "transform_matrix": [
        [
          -0.12189156096296544,
          -0.5539065892142343,
          0.8236078787125257,
          3.2954809508420735
        ],
        [
          0.9889151363166995,
          0.0031116040846493856,
          0.14844922056645826,
          0.5933906867084461
        ],
        [
          -0.08478974307502982,
          0.8325730048670862,
          0.5473873319005361,
          2.1913107456237797
        ],
        [
          0.0,
          0.0,
          0.0,
          1.0
        ]
      ]
    },
    {
      "file_path": "./images/r_34.png",
      "sharpness": 212.376565625,
      "transform_matrix": [
        [
          -0.6604784980262814,
          0.3069370000035178,
          -0.685242899824631,
          -2.7458838387828743
        ],
        [
          -0.7341325335011816,
          -0.07250646436513401,
          0.6751238670669621,
          2.704345689221662
        ],
        [
          0.15753595449071142,
          0.948963903814035,
          0.2732213981189146,
          1.093990142096431
        ],
        [
          0.0,
          0.0,
          0.0,
          1.0
        ]
      ]
    },
    {
      "file_path": "./images/r_87.png",
      "sharpness": 246.1571125,
      "transform_matrix": [
        [
          -0.6624173044454967,
          0.3741825753809194,
          -0.6489920763297083,
          -2.5996585513454606
        ],
        [
          -0.7326530520945554,
          -0.14286419608238635,
          0.6654391983775156,
          2.666600132821913
        ],
        [
          0.15627802175963085,
          0.91628446556975,
          0.3687817215640994,
          1.4772902764851932
        ],
        [
          0.0,
          0.0,
          0.0,
          1.0
        ]
      ]
    },
    {
      "file_path": "./images/r_29.png",
      "sharpness": 276.44375,
      "transform_matrix": [
        [
          -0.907133457477908,
          -0.03192911869283115,
          0.4196301011485676,
          1.6759299124080422
        ],
        [
          0.4141810696530141,
          -0.24445112335871053,
          0.8767540646229106,
          3.503316689002024
        ],
        [
          0.07458506502712939,
          0.9691357901515062,
          0.23497422925002062,
          0.9382232502398533
        ],
        [
          0.0,
          0.0,
          0.0,
          1.0
        ]
      ]
    },
    {
      "file_path": "./images/r_82.png",
      "sharpness": 317.810046875,
      "transform_matrix": [
        [
          0.47545245137092296,
          -0.20599366733554056,
          0.8552844997948438,
          3.4334113452368307
        ],
        [
          0.8673962448211949,
          0.27206397816318545,
          -0.4166592687786466,
          -1.6732217820003958
        ],
        [
          -0.14686293267043724,
          0.9399722341030454,
          0.3080316188512063,
          1.2340855662537762
        ],
        [
          0.0,
          0.0,
          0.0,
          1.0
        ]
      ]
    },
    {
      "file_path": "./images/r_35.png",
