{
  "camera_angle_x": 0.6220207811482756,
  "camera_angle_y": 0.6211904354745286,
  "fl_x": 1244.3927173916218,
  "fl_y": 1246.1683315849266,
  "k1": -0.05177388810355172,
  "k2": 0.0005622072267734777,
  "k3": 0,
  "k4": 0,
  "p1": -0.0014744556378100155,
  "p2": -0.0034444727540224483,
  "is_fisheye": false,
  "cx": 397.8115793643214,
  "cy": 392.8827703448061,
  "w": 800.0,
  "h": 800.0,
  "aabb_scale": 32,
  "frames": [
    {
      "file_path": "./images/r_66.png",
      "sharpness": 1258.45266875,
      "transform_matrix": [
        [
          0.9623132632045224,
          0.23660442520470445,
          -0.1340579334031191,
          -0.5472258230182753
        ],
        [
          -0.2288226855561042,
          0.4381244567861568,
          -0.8693026739525707,
          -3.4848510189861654
        ],
        [
          -0.14694680024934434,
          0.8672169892251187,
          0.4757534356893944,
          1.9083494255660838
        ],
        [
          0.0,
          0.0,
          0.0,
          1.0
        ]
      ]
    },
    {
      "file_path": "./images/r_60.png",
      "sharpness": 880.100859375,
      "transform_matrix": [
        [
          -0.348127049565188,
          -0.8211921567444062,
          0.4521625804250152,
          1.7977423764547935
        ],
        [
          0.9373046275852088,
          -0.3133251274383504,
          0.1526020957374338,
          0.5999981309127115
        ],
        [
          0.01635825401218163,
          0.47693899639977316,
          0.8787841608229595,
          3.5168319126540526
        ],
        [
          0.0,
          0.0,
          0.0,
          1.0
        ]
      ]
    },
    {
      "file_path": "./images/r_59.png",
      "sharpness": 1466.822471875,
      "transform_matrix": [
        [
          0.22521464945817973,
          -0.4112490313861616,
          0.8832624728400238,
          3.5299691593515443
        ],
        [
          0.9715743865175608,
          0.16267068366013387,
          -0.17199261653028067,
          -0.6934941364090692
        ],
        [
          -0.07294911335457763,
          0.8968904520247922,
          0.4361948463725906,
          1.7445853439023884
        ],
        [
          0.0,
          0.0,
          0.0,
          1.0
        ]
      ]
    },
    {
      "file_path": "./images/r_6.png",
      "sharpness": 1073.62618125,
      "transform_matrix": [
        [
          -0.9679752531154086,
          0.04312575274482814,
          0.24731372562082626,
          0.9977597887704045
        ],
        [
          0.20784592020688797,
          -0.41483840207118866,
          0.8858381193089047,
          3.5477286698206196
        ],
        [
          0.14079766645207545,
          0.9088725266387689,
          0.3925897954829869,
          1.5657075499890343
        ],
        [
          0.0,
          0.0,
          0.0,
          1.0
        ]
      ]
    },
    {
      "file_path": "./images/r_58.png",
      "sharpness": 1302.36190625,
      "transform_matrix": [
        [
          -0.9875290007030033,
          0.14474191496419622,
          0.06193747570837346,
          0.25696777425374123
        ],
        [
          0.03259073882317627,
          -0.19694719760245583,
          0.979872259582779,
          3.934696859842636
        ],
        [
          0.1540269995396398,
          0.9696708614165542,
          0.18977382329224574,
          0.752898332912025
        ],
        [
          0.0,
          0.0,
          0.0,
          1.0
        ]
      ]
    },
    {
      "file_path": "./images/r_57.png",
      "sharpness": 857.369680979919,
      "transform_matrix": [
        [
          0.11384583229535207,
          -0.8858102767453617,
          0.44986584684257225,
          1.7821455101867607
        ],
        [
          0.991829883328749,
          0.12756742129275608,
          0.00018857666533824403,
          -0.003152389336434796
        ],
        [
          -0.05755526915749986,
          0.44616892172004047,
          0.8930961226866048,
          3.571712538588015
        ],
        [
          0.0,
          0.0,
          0.0,
          1.0
        ]
      ]
    },
    {
      "file_path": "./images/r_61.png",
      "sharpness": 823.1851875,
      "transform_matrix": [
        [
          0.9396463183253662,
          -0.23118276848105185,
          0.2522287138474152,
          0.9983017225825213
        ],
        [
          0.3022395210898669,
          0.9063653904546929,
          -0.2952169556066226,
          -1.169603092219888
        ],
        [
          -0.16036230361051057,
          0.3536330111213419,
          0.9215354714282279,
          3.6970047739958827
        ],
        [
          0.0,
          0.0,
          0.0,
          1.0
        ]
      ]
    },
    {
      "file_path": "./images/r_55.png",
      "sharpness": 1458.23515625,
      "transform_matrix": [
        [
          0.946962042705779,
          -0.01841374173621238,
          0.32081743073572344,
          1.275276153595199
        ],
        [
          0.2797621203767959,
          0.5384308163970166,
          -0.7948744630170753,
          -3.182090435739002
        ],
        [
          -0.15810137807072192,
          0.8424685098697708,
          0.5150250131832527,
          2.0618648481566986
        ],
        [
          0.0,
          0.0,
          0.0,
          1.0
        ]
      ]
    },
    {
      "file_path": "./images/r_53.png",
      "sharpness": 1542.344990625,
      "transform_matrix": [
        [
          -0.5523910166084076,
          0.01031187609456891,
          0.8335213434914794,
          3.33868707907894
        ],
        [
          0.831734955919297,
          -0.059766080927633344,
          0.5519465360638103,
          2.2036170338673404
        ],
        [
          0.055507908360737934,
          0.9981591460564561,
          0.02443749839335448,
          0.08995167905472937
        ],
        [
          0.0,
          0.0,
          0.0,
          1.0
        ]
      ]
    },
    {
      "file_path": "./images/r_54.png",
      "sharpness": 989.90854375,
      "transform_matrix": [
        [
          0.4233772937106843,
          0.7777326969761333,
          -0.46463267136367814,
          -1.8573910802794598
        ],
        [
          -0.9055178928363367,
          0.34737984603365635,
          -0.2436484933736237,
          -0.9659198483472313
        ],
        [
          -0.0280893740251189,
          0.523888437257366,
          0.8513236120591128,
          3.4081812519346433
        ],
        [
          0.0,
          0.0,
          0.0,
          1.0
        ]
      ]
    },
    {
      "file_path": "./images/r_51.png",
      "sharpness": 1452.44903125,
      "transform_matrix": [
        [
          0.33956435252319755,
          -0.4331864403681223,
          0.8348925430561691,
          3.3327441932006354
        ],
        [
          0.936313483133967,
          0.24015361558453943,
          -0.2562094889413226,
          -1.0296337893309193
        ],
        [
          -0.08951598633648251,
          0.8687207542541572,
          0.4871459118095502,
          1.94746579763619
        ],
        [
          0.0,
          0.0,
          0.0,
          1.0
        ]
      ]
    },
    {
      "file_path": "./images/r_52.png",
      "sharpness": 1020.736715625,
      "transform_matrix": [
        [
          -0.39469807181668193,
          -0.6165966750493468,
          0.6811915828138103,
          2.722563504578533
        ],
        [
          0.9184522872002252,
          -0.28548216477100274,
          0.27376144676469644,
          1.0875108145460446
        ],
        [
          0.025667649853661812,
          0.7336950824326564,
          0.6789938864522937,
          2.718466364508925
        ],
        [
          0.0,
          0.0,
          0.0,
          1.0
        ]
      ]
    },
    {
      "file_path": "./images/r_50.png",
      "sharpness": 1392.466503125,
      "transform_matrix": [
        [
          -0.4604973005383937,
          0.5021274210111898,
          -0.7319906347349014,
          -2.937002523446001
        ],
        [
          -0.8814898640047045,
          -0.16161182933364618,
          0.44368596583254954,
          1.788239406209596
        ],
        [
          0.10448854422775268,
          0.8495585146178448,
          0.5170420432034025,
          2.0681304885808296
        ],
        [
          0.0,
          0.0,
          0.0,
          1.0
        ]
      ]
    },
    {
      "file_path": "./images/r_49.png",
      "sharpness": 1331.14204375,
      "transform_matrix": [
        [
          -0.9874788311386856,
          0.1441316651173746,
          0.0641219247805973,
          0.26518286035646277
        ],
        [
          0.03819869310809038,
          -0.17590923719304086,
          0.9836649836785686,
          3.949131538241683
        ],
        [
          0.15305691089075155,
          0.9737977220411616,
          0.16820100668690524,
          0.665382624089589
        ],
        [
          0.0,
          0.0,
          0.0,
          1.0
        ]
      ]
    },
    {
      "file_path": "./images/r_48.png",
      "sharpness": 1371.944009375,
      "transform_matrix": [
        [
          -0.9634889032213628,
          0.20894781281865932,
          -0.1674214590836381,
          -0.6652681772112395
        ],
        [
          -0.21462296651350923,
          -0.22885708111640093,
          0.9495058813236409,
          3.8122389522069278
        ],
        [
          0.16008159071889796,
          0.9507708704052991,
          0.2653462575129339,
          1.0550771200621332
        ],
        [
          0.0,
          0.0,
          0.0,
          1.0
        ]
      ]
    },
    {
      "file_path": "./images/r_5.png",
      "sharpness": 722.6084645923803,
      "transform_matrix": [
        [
          0.9879504476676486,
          0.04501638370089866,
          0.14807916202452912,
          0.5835969517804801
        ],
        [
          -0.01969911385826551,
          0.9855587716283237,
          -0.16818398431489037,
          -0.6524440570610536
        ],
        [
          -0.15351175179891172,
          0.16324041432166692,
          0.9745700125009917,
          3.89377540136026
        ],
        [
          0.0,
          0.0,
          0.0,
          1.0
        ]
      ]
    },
    {
      "file_path": "./images/r_47.png",
      "sharpness": 1114.97784375,
      "transform_matrix": [
        [
          -0.7032148733052344,
          -0.4234593285347804,
          0.5711138582745796,
          2.282097191924168
        ],
        [
          0.7064840749904789,
          -0.5063564426962561,
          0.49445263142711926,
          1.968156287250853
        ],
        [
          0.07980660235406654,
          0.7511892904418213,
          0.6552446537139207,
          2.619103084252399
        ],
        [
          0.0,
          0.0,
          0.0,
          1.0
        ]
      ]
    },
    {
      "file_path": "./images/r_46.png",
      "sharpness": 1418.0732,
      "transform_matrix": [
        [
          0.44548043628142037,
          -0.5277601503390498,
          0.7231987311097273,
          2.883123061778186
        ],
        [
          0.8890984697040275,
          0.35563569071042483,
          -0.28814435039271175,
          -1.1556073805767548
        ],
        [
          -0.1051241745765053,
          0.7713575560465249,
          0.6276594846921411,
          2.5110528136067654
        ],
        [
          0.0,
          0.0,
          0.0,
          1.0
        ]
      ]
    },
    {
      "file_path": "./images/r_43.png",
      "sharpness": 1454.705625,
      "transform_matrix": [
        [
          0.4710451949865492,
          -0.23175329058385585,
          0.8511209295145664,
          3.4041466078866995
        ],
        [
          0.8754404913566559,
          0.24123830801445334,
          -0.418817412293117,
          -1.6835012977932409
        ],
        [
          -0.10826065949903749,
          0.9423876543755391,
          0.31652036041914605,
          1.265799953414099
        ],
        [
          0.0,
          0.0,
          0.0,
          1.0
        ]
      ]
    },
    {
      "file_path": "./images/r_42.png",
      "sharpness": 1367.0681375,
      "transform_matrix": [
        [
          0.9650708054118576,
          0.07974955943566232,
          0.24955630303726345,
          0.9906988580025771
        ],
        [
          0.20910043556600766,
          0.3394350027708745,
          -0.9170937175340393,
          -3.672995956980082
        ],
        [
          -0.1578459643474961,
          0.9372427042820646,
          0.3109031438948699,
          1.243421817117835
        ],
        [
          0.0,
          0.0,
          0.0,
          1.0
        ]
      ]
    },
    {
      "file_path": "./images/r_40.png",
      "sharpness": 1250.05736875,
      "transform_matrix": [
        [
          -0.14690952884178368,
          -0.4506172475674903,
          0.8805462433082574,
          3.5280803520048
        ],
        [
          0.9890475721580351,
          -0.05411270577554387,
          0.13731975488730147,
          0.5443978534902425
        ],
        [
          -0.014229910198058039,
          0.8910757046080728,
          0.45363156678900185,
          1.817411718793649
        ],
        [
          0.0,
          0.0,
          0.0,
          1.0
        ]
      ]
    },
    {
      "file_path": "./images/r_44.png",
      "sharpness": 915.4679125,
      "transform_matrix": [
        [
          0.9872377281017155,
          0.10573751207859396,
          0.11908504031192724,
          0.47047645857765125
        ],
        [
          -0.04468686822164229,
          0.9016583011771621,
          -0.430134155499442,
          -1.7089405876585642
        ],
        [
          -0.15285533060580425,
          0.41932312895063106,
          0.8948761710465342,
          3.586753205571899
        ],
        [
          0.0,
          0.0,
          0.0,
          1.0
        ]
      ]
    },
    {
      "file_path": "./images/r_41.png",
      "sharpness": 1397.573415625,
      "transform_matrix": [
        [
          0.7688746799050129,
          -0.37381405516111843,
          0.5187434614904219,
          2.0638476156044554
        ],
        [
          0.6229659043823786,
          0.6207104191419659,
          -0.47605888033520827,
          -1.902784903270318
        ],
        [
          -0.14403197085530817,
          0.6891891088634985,
          0.7101219357757761,
          2.8406124301338322
        ],
        [
          0.0,
          0.0,
          0.0,
          1.0
        ]
      ]
    },
    {
      "file_path": "./images/r_4.png",
      "sharpness": 882.898921875,
      "transform_matrix": [
        [
          -0.3977141584916544,
          0.8833608795867399,
          -0.2479858960205523,
          -0.9785056242363276
        ],
        [
          -0.9125052565735298,
          -0.35263323214276077,
          0.20732573481019761,
          0.8337975378363942
        ],
        [
          0.09569537542335727,
          0.30874481382855284,
          0.946318675252168,
          3.787170616318322
        ],
        [
          0.0,
          0.0,
          0.0,
          1.0
        ]
      ]
    },
    {
      "file_path": "./images/r_21.png",
      "sharpness": 1444.011890625,
      "transform_matrix": [
        [
          0.7876120911873674,
          -0.3412972348276928,
          0.5130140265027193,
          2.0419821172188164
        ],
        [
          0.5986023531145125,
          0.6212194385794653,
          -0.5057288126823948,
          -2.0223043465550448
        ],
        [
          -0.14609044018621645,
          0.7054095311757642,
          0.6935812689851485,
          2.7748390478405085
        ],
        [
          0.0,
          0.0,
          0.0,
          1.0
        ]
      ]
    },
    {
      "file_path": "./images/r_18.png",
      "sharpness": 1051.1704625,
      "transform_matrix": [
        [
          -0.41778268486463555,
          0.8111316580352299,
          -0.4092958118945463,
          -1.6303152141378048
        ],
        [
          -0.9031799081770473,
          -0.3218899834342964,
          0.28399452816970056,
          1.1420241811401912
        ],
        [
          0.09860873039675958,
          0.48831575026976953,
          0.8670778779339686,
          3.4709578884552794
        ],
        [
          0.0,
          0.0,
          0.0,
          1.0
        ]
      ]
    },
    {
      "file_path": "./images/r_17.png",
      "sharpness": 1374.25736875,
      "transform_matrix": [
        [
          0.9673890275300437,
          0.08115205999333952,
          0.2399433529969396,
          0.952511070584879
        ],
        [
          0.19756051580680226,
          0.351099404013877,
          -0.915259007656091,
          -3.6666985212418552
        ],
        [
          -0.15851912213306837,
          0.932814853937028,
          0.32361726818429387,
          1.2948869452907035
        ],
        [
          0.0,
          0.0,
          0.0,
          1.0
        ]
      ]
    },
    {
      "file_path": "./images/r_14.png",
      "sharpness": 1722.539646875,
      "transform_matrix": [
        [
          0.31579943283648326,
          -0.1424863236876345,
          0.9380662907578755,
          3.7553363734560445
        ],
        [
          0.9449177273958516,
          0.1368706632044285,
          -0.2973161785160732,
          -1.1974375705225029
        ],
        [
          -0.08603026609613694,
          0.9802877481580744,
          0.17786153097582097,
          0.708585806291369
        ],
        [
          0.0,
          0.0,
          0.0,
          1.0
        ]
      ]
    },
    {
      "file_path": "./images/r_15.png",
      "sharpness": 1054.822809375,
      "transform_matrix": [
        [
          -0.5421614591908148,
          0.7348058574967695,
          -0.4075798130803637,
          -1.623581849920933
        ],
        [
          -0.832368238748263,
          -0.4032678420552843,
          0.3801817495455967,
          1.5262730966804976
        ],
        [
          0.11499594479325984,
          0.5453763832544064,
          0.8302653391199175,
          3.322157842438361
        ],
        [
          0.0,
          0.0,
          0.0,
          1.0
        ]
      ]
    },
    {
      "file_path": "./images/r_16.png",
      "sharpness": 1059.208684375,
      "transform_matrix": [
        [
          -0.8018339622226477,
          -0.35773577670268136,
          0.47863076705050966,
          1.914428295260549
        ],
        [
          0.5888027748695125,
          -0.6095403799971528,
          0.5308218321237843,
          2.1144326241957265
        ],
        [
          0.10185081922075397,
          0.7074500966633626,
          0.6993859960204546,
          2.797209454291328
        ],
        [
          0.0,
          0.0,
          0.0,
          1.0
        ]
      ]
    },
    {
      "file_path": "./images/r_68.png",
      "sharpness": 1449.161315625,
      "transform_matrix": [
        [
          0.424250182346883,
          -0.4317421170974119,
          0.7959965622896759,
          3.176932536661707
        ],
        [
          0.899753285315898,
          0.30023759607464673,
          -0.3167039808195147,
          -1.2714617304060798
        ],
        [
          -0.10225364717333958,
          0.8505622436329596,
          0.5158372431496965,
          2.062798723304511
        ],
        [
          0.0,
          0.0,
          0.0,
          1.0
        ]
      ]
    },
    {
      "file_path": "./images/r_2.png",
      "sharpness": 782.572046875,
      "transform_matrix": [
        [
          0.9189518912243502,
          0.37103411537822933,
          0.13364545227872654,
          0.5355339983410742
        ],
        [
          -0.3737166919849746,
          0.9275274011055715,
          -0.005362306454669802,
          0.002665226059491178
        ],
        [
          -0.12594941765346127,
          -0.0450178346665981,
          0.9910147016210951,
          3.9523819859447094
        ],
        [
          0.0,
          0.0,
          0.0,
          1.0
        ]
      ]
    },
    {
      "file_path": "./images/r_67.png",
      "sharpness": 1537.8327,
      "transform_matrix": [
        [
          -0.4790832529608676,
          -0.09697385688141587,
          0.8723963020829907,
          3.4963237850981765
        ],
        [
          0.8768639850564498,
          -0.09800550382257875,
          0.4706426169948563,
          1.8796193717949123
        ],
        [
          0.03985960933584383,
          0.9904498939249131,
          0.131985678170722,
          0.5216654401224988
        ],
        [
          0.0,
          0.0,
          0.0,
          1.0
        ]
      ]
    },
    {
      "file_path": "./images/r_73.png",
      "sharpness": 1196.0028625,
      "transform_matrix": [
        [
          -0.3489831163315606,
          0.745229171210706,
          -0.5681938638934926,
          -2.272432437802477
        ],
        [
          -0.932927446683106,
          -0.2189264947966158,
          0.28586285016029955,
          1.1514097675399053
        ],
        [
          0.08864064391774254,
          0.6298449589555277,
          0.7716463982930396,
          3.0879899838304645
        ],
        [
          0.0,
          0.0,
          0.0,
          1.0
        ]
      ]
    },
    {
      "file_path": "./images/r_76.png",
      "sharpness": 901.57773125,
      "transform_matrix": [
        [
          -0.921103891327494,
          -0.2294991406325497,
          0.31448015184486494,
          1.2595760642837743
        ],
        [
          0.36734405718972324,
          -0.7798724130862001,
          0.506810973593571,
          2.014949685417128
        ],
        [
          0.12894171198409884,
          0.582347974828847,
          0.8026486598741772,
          3.206681648806046
        ],
        [
          0.0,
          0.0,
          0.0,
          1.0
        ]
      ]
    },
    {
      "file_path": "./images/r_19.png",
      "sharpness": 1344.561709375,
      "transform_matrix": [
        [
          -0.4904781041852958,
          0.6227583812475624,
          -0.609592673819834,
          -2.4403872000829367
        ],
        [
          -0.8646847618231479,
          -0.2607674330084694,
          0.42932576041204673,
          1.7274745064109474
        ],
        [
          0.10840429884931775,
          0.73768038101585,
          0.6663903987376778,
          2.66579132567068
        ],
        [
          0.0,
          0.0,
          0.0,
          1.0
        ]
      ]
    },
    {
      "file_path": "./images/r_74.png",
      "sharpness": 1062.543078123087,
      "transform_matrix": [
        [
          -0.12298826829704883,
          -0.7213239962619783,
          0.6815904770109712,
          2.7178842333002446
        ],
        [
          0.9922249947177721,
          -0.07618297381806896,
          0.09841602693624253,
          0.38660392106317176
        ],
        [
          -0.019064252381105044,
          0.6883951241774589,
          0.7250853104044472,
          2.9017895932537976
        ],
        [
          0.0,
          0.0,
          0.0,
          1.0
        ]
      ]
    },
    {
      "file_path": "./images/r_20.png",
      "sharpness": 1520.664584375,
      "transform_matrix": [
        [
          -0.25205701195472313,
          -0.11002121268809686,
          0.9614377751873481,
          3.851017194142344
        ],
        [
          0.9677059230991855,
          -0.03228782120566771,
          0.2500054859416229,
          0.9954435578116355
        ],
        [
          0.00353682424364975,
          0.9934046654988338,
          0.11460655092045537,
          0.45369230390097937
        ],
        [
          0.0,
          0.0,
          0.0,
          1.0
        ]
      ]
    },
    {
      "file_path": "./images/r_75.png",
      "sharpness": 1590.74583125,
      "transform_matrix": [
        [
          -0.726056353514819,
          0.019220576396886818,
          0.687366525980016,
          2.755273560052175
        ],
        [
          0.6823169913533327,
          -0.10394412578650346,
          0.7236291467494783,
          2.8908542177858307
        ],
        [
          0.08535628193601076,
          0.9943973995496431,
          0.06235476707863381,
          0.24001839952892398
        ],
        [
          0.0,
          0.0,
          0.0,
          1.0
        ]
      ]
    },
    {
      "file_path": "./images/r_22.png",
      "sharpness": 1633.388996875,
      "transform_matrix": [
        [
          0.7625828500151208,
          -0.2597901116247597,
          0.592432692243525,
          2.3618299108590266
        ],
        [
          0.6306110008127697,
          0.5027089626420139,
          -0.5912812059702806,
          -2.3684788094201257
        ],
        [
          -0.1442122136523162,
          0.8244954801790872,
          0.5471837357526428,
          2.189907324623392
        ],
        [
          0.0,
          0.0,
          0.0,
          1.0
        ]
      ]
    },
    {
      "file_path": "./images/r_77.png",
      "sharpness": 928.50191875,
      "transform_matrix": [
        [
          0.9565624170459827,
          0.2889539441451725,
          -0.03865178562753546,
          -0.15967725372643177
        ],
        [
          -0.25489443877866996,
          0.7646333670730873,
          -0.5919160743201205,
          -2.360356204751369
        ],
        [
          -0.14148203928995612,
          0.5760567959453481,
          0.8050722951872075,
          3.2276768161664253
        ],
        [
          0.0,
          0.0,
          0.0,
          1.0
        ]
      ]
    },
    {
      "file_path": "./images/r_24.png",
      "sharpness": 916.961209375,
      "transform_matrix": [
        [
          -0.6505826579193749,
          -0.6213497640644445,
          0.4366539545059923,
          1.7388628583106012
        ],
        [
          0.7562546252413994,
          -0.5826290132293254,
          0.2976951036627495,
          1.1769022436602554
        ],
        [
          0.06943448021251913,
          0.5238968445155996,
          0.8489469649740659,
          3.393214042471762
        ],
        [
          0.0,
          0.0,
          0.0,
          1.0
        ]
      ]
    },
    {
      "file_path": "./images/r_78.png",
      "sharpness": 1322.557753125,
      "transform_matrix": [
        [
          -0.508788833198881,
          0.6321198128718704,
          -0.5844300347013768,
          -2.338461058514629
        ],
        [
          -0.8538024818680184,
          -0.2835684775571894,
          0.4365893270480524,
          1.755865167127388
        ],
        [
          0.11025082853650595,
          0.7211195884021117,
          0.6839819398962564,
          2.7357960002841826
        ],
        [
          0.0,
          0.0,
          0.0,
          1.0
        ]
      ]
    },
    {
      "file_path": "./images/r_8.png",
      "sharpness": 1298.432940625,
      "transform_matrix": [
        [
          -0.9174972413520969,
          0.02506263557880576,
          0.3969517306716725,
          1.5936519109305274
        ],
        [
          0.3766695683483781,
          -0.2657871959748457,
          0.8873991225691165,
          3.5472133313180185
        ],
        [
          0.1277452482544876,
          0.9637058839826763,
          0.2344186869684888,
          0.9294826303317636
        ],
        [
          0.0,
          0.0,
          0.0,
          1.0
        ]
      ]
    },
    {
      "file_path": "./images/r_26.png",
      "sharpness": 1609.80390625,
      "transform_matrix": [
        [
          -0.7506451928220554,
          0.05153918924706173,
          0.6586922699857616,
          2.6411132735947906
        ],
        [
          0.6544102690103177,
          -0.07929810788471146,
          0.7519700857747672,
          3.004230697001149
        ],
        [
          0.09098897924703128,
          0.9955177156292169,
          0.025796968783800035,
          0.09407572397977039
        ],
        [
          0.0,
          0.0,
          0.0,
          1.0
        ]
      ]
    },
    {
      "file_path": "./images/r_79.png",
      "sharpness": 1185.409471875,
      "transform_matrix": [
        [
          0.14571254514527504,
          -0.6785510437188381,
          0.7199557870657491,
          2.871128981440856
        ],
        [
          0.9874780606660499,
          0.14422316262420593,
          -0.06392776443964958,
          -0.26089606534698945
        ],
        [
          -0.060456049277085415,
          0.7202556216389344,
          0.6910693928092763,
          2.7666544256667693
        ],
        [
          0.0,
          0.0,
          0.0,
          1.0
        ]
      ]
    },
    {
      "file_path": "./images/r_29.png",
      "sharpness": 831.47119375,
      "transform_matrix": [
        [
          0.9426833875412443,
          -0.22676927963047278,
          0.2447932285496095,
          0.9677101362976345
        ],
        [
          0.293345771175727,
          0.9128396329760082,
          -0.28402827852505674,
          -1.1231398353576791
        ],
        [
          -0.15904807278842711,
          0.33955779816498965,
          0.9270405667078946,
          3.716865627599858
        ],
        [
          0.0,
          0.0,
          0.0,
          1.0
        ]
      ]
    },
    {
      "file_path": "./images/r_80.png",
      "sharpness": 1264.7081,
      "transform_matrix": [
        [
          0.7453882680887024,
          -0.43346581206345325,
          0.5064619626803145,
          2.0130592280820463
        ],
        [
          0.6512787994735743,
          0.635620938248485,
          -0.4145141109983322,
          -1.6552173390583795
        ],
        [
          -0.1422401321703781,
          0.6388218943288404,
          0.7560914840154782,
          3.023965674394773
        ],
        [
          0.0,
          0.0,
          0.0,
          1.0
        ]
      ]
    },
    {
      "file_path": "./images/r_82.png",
      "sharpness": 763.0546960527242,
      "transform_matrix": [
        [
          -0.09089272034788307,
          0.9934022215966304,
          -0.06993239298594645,
          -0.259996975194112
        ],
        [
          -0.9945057985556877,
          -0.08688313343378253,
          0.0583912473252944,
          0.24086528942209495
        ],
        [
          0.05193004938360402,
          0.07485550964530122,
          0.995841314026096,
          3.988685986045112
        ],
        [
          0.0,
          0.0,
          0.0,
          1.0
        ]
      ]
    },
    {
      "file_path": "./images/r_27.png",
      "sharpness": 966.670390625,
      "transform_matrix": [
        [
          -0.9574944784088901,
          0.27993025733407423,
          -0.06959435982510655,
          -0.2689835478786613
        ],
        [
          -0.24094773472436393,
          -0.6435381272697399,
          0.7265004252453782,
          2.9072436397387587
        ],
        [
          0.15858282700186732,
          0.7123887490836124,
          0.6836327648918276,
          2.7329707478480976
        ],
        [
          0.0,
          0.0,
          0.0,
          1.0
        ]
      ]
    },
    {
      "file_path": "./images/r_81.png",
      "sharpness": 1405.631596875,
      "transform_matrix": [
        [
          0.4740883465203995,
          -0.28011222573616956,
          0.8347319214938311,
          3.3369193465247626
        ],
        [
          0.8737861250069046,
          0.26633518190834315,
          -0.4068948004381848,
          -1.6346766999172597
        ],
        [
          -0.10834226996454586,
          0.9222812542491494,
          0.37102458230420315,
          1.4840196599677884
        ],
        [
          0.0,
          0.0,
          0.0,
          1.0
        ]
      ]
    },
    {
      "file_path": "./images/r_28.png",
      "sharpness": 1033.694996875,
      "transform_matrix": [
        [
          -0.12910724929860423,
          0.8941335535629846,
          -0.4287849188643152,
          -1.709481607712532
        ],
        [
          -0.989922660557922,
          -0.09084509071129021,
          0.10862916554933412,
          0.4412727301681684
        ],
        [
          0.058175976963345935,
          0.43848872044695303,
          0.8968518260111964,
          3.5905159183484385
        ],
        [
          0.0,
          0.0,
          0.0,
          1.0
        ]
      ]
    },
    {
      "file_path": "./images/r_83.png",
      "sharpness": 1302.0136625,
      "transform_matrix": [
        [
          -0.00929146218949518,
          -0.509717739969999,
          0.8602915170826446,
          3.4426519042616666
        ],
        [
          0.9992926770562595,
          0.02661794777803098,
          0.026563705279627675,
          0.10092105865520375
        ],
        [
          -0.03643918649594982,
          0.8599298288175253,
          0.5091098852623451,
          2.0395201797425107
        ],
        [
          0.0,
          0.0,
          0.0,
          1.0
        ]
      ]
    },
    {
      "file_path": "./images/r_30.png",
      "sharpness": 1141.15210625,
      "transform_matrix": [
        [
          -0.7793047699460948,
          -0.31940615615371537,
          0.5391324355151275,
          2.1582713914104046
        ],
        [
          0.6192781226834834,
          -0.5240835739443658,
          0.5846631631013562,
          2.3323626047797785
        ],
        [
          0.09580544006322135,
          0.7895037143602408,
          0.6062220737816619,
          2.423805560116145
        ],
        [
          0.0,
          0.0,
          0.0,
          1.0
        ]
      ]
    },
    {
      "file_path": "./images/r_84.png",
      "sharpness": 1014.743278125,
      "transform_matrix": [
        [
          -0.4109008830933341,
          -0.5944169429283274,
          0.6912517358437231,
          2.7668709089130687
        ],
        [
          0.9112189691313551,
          -0.2918832219751327,
          0.29066161601588875,
          1.1568094303853578
        ],
        [
          0.02899059463519726,
          0.7493148088480415,
          0.6615790676390719,
          2.651828800401569
        ],
        [
          0.0,
          0.0,
          0.0,
          1.0
        ]
      ]
    },
    {
      "file_path": "./images/r_3.png",
      "sharpness": 1527.567228125,
      "transform_matrix": [
        [
          0.7149834352063094,
          -0.20693169174677437,
          0.667815814731505,
          2.666732398277648
        ],
        [
          0.6853327194128973,
          0.3963466205990554,
          -0.6109242342894854,
          -2.450222645621365
        ],
        [
          -0.13826695602081093,
          0.8944767360599621,
          0.42519832736585267,
          1.7022485055767977
        ],
        [
          0.0,
          0.0,
          0.0,
          1.0
        ]
      ]
    },
    {
      "file_path": "./images/r_85.png",
      "sharpness": 1139.28518125,
      "transform_matrix": [
        [
          -0.7021358000150113,
          -0.3449398994228449,
          0.6229139460612023,
          2.491612829058212
        ],
        [
          0.7075038022573753,
          -0.4365961124919086,
          0.5557177380187464,
          2.2161685948635617
        ],
        [
          0.08027258660763809,
          0.8309033038837711,
          0.5505960511198896,
          2.2005129753071393
        ],
        [
          0.0,
          0.0,
          0.0,
          1.0
        ]
      ]
    },
    {
      "file_path": "./images/r_87.png",
      "sharpness": 911.981246875,
      "transform_matrix": [
        [
          0.5022570974180421,
          -0.7530888662613586,
          0.42496466639061337,
          1.6824250998592933
        ],
        [
          0.8574016969459828,
          0.4975135214759498,
          -0.1316914045149143,
          -0.5237436697841988
        ],
        [
          -0.11225033715634344,
          0.4305083686919615,
          0.8955793691063547,
          3.5810044094744224
        ],
        [
          0.0,
          0.0,
          0.0,
          1.0
        ]
      ]
    },
    {
      "file_path": "./images/r_70.png",
      "sharpness": 1529.593675,
      "transform_matrix": [
        [
          0.4226894816175646,
          -0.2235099386281629,
          0.8782806553365559,
          3.5135804356021083
        ],
        [
          0.900527399142563,
          0.21255199977989614,
          -0.37930469385898796,
          -1.5256768772995928
        ],
        [
          -0.10190194081398608,
          0.9512438986898191,
          0.29112031831907453,
          1.1632853691945164
        ],
        [
          0.0,
          0.0,
          0.0,
          1.0
        ]
      ]
    },
    {
      "file_path": "./images/r_98.png",
      "sharpness": 1223.6269375,
      "transform_matrix": [
        [
          0.9831954753901859,
          0.18253254035711175,
          0.0029204378347216626,
          0.003070128754812348
        ],
        [
          -0.10260364108916531,
          0.5657557476859191,
          -0.8181643641689333,
          -3.274150716182636
        ],
        [
          -0.15099387431216965,
          0.8041158534209666,
          0.5749769945586819,
          2.303064972746484
        ],
        [
          0.0,
          0.0,
          0.0,
          1.0
        ]
      ]
    },
    {
      "file_path": "./images/r_99.png",
      "sharpness": 1006.79786875,
      "transform_matrix": [
        [
          -0.3831299111821335,
          0.8371090322656461,
          -0.39046118799561136,
          -1.5540578487133954
        ],
        [
          -0.9189441864319082,
          -0.3026148887164052,
          0.2529146325354026,
          1.017732434864718
        ],
        [
          0.09355775433416502,
          0.4557111994358146,
          0.8851972940464643,
          3.5435749594994936
        ],
        [
          0.0,
          0.0,
          0.0,
          1.0
        ]
      ]
    },
    {
      "file_path": "./images/r_96.png",
      "sharpness": 1387.633325,
      "transform_matrix": [
        [
          -0.5458116969858999,
          -0.22705612929620222,
          0.8065575649986175,
          3.2311213189280172
        ],
        [
          0.8362861453529207,
          -0.20747728708185154,
          0.5075220767969318,
          2.0264531731874533
        ],
        [
          0.05210637717137597,
          0.9515244030322733,
          0.3031274252960514,
          1.2086222671049363
        ],
        [
          0.0,
          0.0,
          0.0,
          1.0
        ]
      ]
    },
    {
      "file_path": "./images/r_93.png",
      "sharpness": 1487.00236875,
      "transform_matrix": [
        [
          0.8332060156923548,
          0.038056390828187715,
          0.5516515626782037,
          2.2008034846573046
        ],
        [
          0.5327116731462953,
          0.21227050614907714,
          -0.8192432517349482,
          -3.286539146696743
        ],
        [
          -0.14827679779901204,
          0.9764696326089993,
          0.156591979045479,
          0.6257223838193392
        ],
        [
          0.0,
          0.0,
          0.0,
          1.0
        ]
      ]
    },
    {
