{
  "camera_angle_x": 0.4907707361697127,
  "camera_angle_y": 0.6374424807360765,
  "fl_x": 6037.563034247186,
  "fl_y": 6109.631260669165,
  "k1": 0.06315819146435014,
  "k2": -0.25385391160426174,
  "k3": 0,
  "k4": 0,
  "p1": -0.007926720166205244,
  "p2": 0.007499110306281166,
  "is_fisheye": false,
  "cx": 1454.712172255244,
  "cy": 1814.5339921418001,
  "w": 3024.0,
  "h": 4032.0,
  "aabb_scale": 32,
  "frames": [
    {
      "file_path": "./images/IMG_4290.png",
      "sharpness": 11.119074760127132,
      "transform_matrix": [
        [
          -0.14659812079572593,
          -0.10970886048521442,
          0.9830935646796388,
          4.2594911595710965
        ],
        [
          0.9514705555323016,
          0.25620762184251267,
          0.17047415189745532,
          0.6896810731841193
        ],
        [
          -0.27057858920210176,
          0.960375770438379,
          0.06682519453702845,
          0.2724957061476845
        ],
        [
          0.0,
          0.0,
          0.0,
          1.0
        ]
      ]
    },
    {
      "file_path": "./images/IMG_4295.png",
      "sharpness": 11.50209607638495,
      "transform_matrix": [
        [
          -0.20576863078030636,
          -0.07673124017579462,
          0.9755878163303414,
          4.261853571406457
        ],
        [
          0.9433330123747546,
          0.2496713353520533,
          0.21860249785350863,
          0.9092437553735963
        ],
        [
          -0.2603499536222163,
          0.9652857302834812,
          0.02100858311780048,
          0.16138858894792954
        ],
        [
          0.0,
          0.0,
          0.0,
          1.0
        ]
      ]
    },
    {
      "file_path": "./images/IMG_4300.png",
      "sharpness": 8.8992924317556,
      "transform_matrix": [
        [
          -0.3711712276623319,
          -0.07885632533113794,
          0.925210030055462,
          3.7755025128804975
        ],
        [
          0.9114252946608191,
          0.15961508751502237,
          0.3792452453100901,
          1.6344566305952888
        ],
        [
          -0.1775833663615387,
          0.9840247475532932,
          0.012627121564420456,
          0.1872178208232213
        ],
        [
          0.0,
          0.0,
          0.0,
          1.0
        ]
      ]
    },
    {
      "file_path": "./images/IMG_4305.png",
      "sharpness": 7.0393263418998,
      "transform_matrix": [
        [
          -0.568612474885424,
          -0.05201920499461459,
          0.8209591072158975,
          3.2055320083145844
        ],
        [
          0.8223663698744367,
          -0.01188342944787434,
          0.5688341918383584,
          2.026893079359827
        ],
        [
          -0.019834492802995488,
          0.9985753784371548,
          0.0495359110036576,
          0.30540435382966896
        ],
        [
          0.0,
          0.0,
          0.0,
          1.0
        ]
      ]
    },
    {
      "file_path": "./images/IMG_4301.png",
      "sharpness": 8.903732516437264,
      "transform_matrix": [
        [
          -0.3902767924630408,
          -0.08377017023272439,
          0.9168787181782894,
          3.7284009949997325
        ],
        [
          0.9052276745623887,
          0.14687423715036205,
          0.3987365241210903,
          1.7008682154722061
        ],
        [
          -0.1680680887954665,
          0.9856016015841177,
          0.01850947022696532,
          0.19778535522081958
        ],
        [
          0.0,
          0.0,
          0.0,
          1.0
        ]
      ]
    },
    {
      "file_path": "./images/IMG_4310.png",
      "sharpness": 6.377068930926237,
      "transform_matrix": [
        [
          -0.689254241245945,
          0.005310435374933213,
          0.7245000967597776,
          2.9040033007358774
        ],
        [
          0.715400641047184,
          -0.15316522865137758,
          0.6817201299079768,
          2.5805883333319395
        ],
        [
          0.11458845367182387,
          0.9881863245425013,
          0.10177069458790013,
          0.45787454648978787
        ],
        [
          0.0,
          0.0,
          0.0,
          1.0
        ]
      ]
    },
    {
      "file_path": "./images/IMG_4315.png",
      "sharpness": 5.212337182008567,
      "transform_matrix": [
        [
          -0.8294356639945643,
          0.1659540482489494,
          0.5333814143443724,
          1.9321242791083812
        ],
        [
          0.4698368459549359,
          -0.3092098537076811,
          0.8268268286367416,
          3.021931325565015
        ],
        [
          0.3021420485129269,
          0.9364019010253783,
          0.17849835372095332,
          0.5995241441918217
        ],
        [
          0.0,
          0.0,
          0.0,
          1.0
        ]
      ]
    },
    {
      "file_path": "./images/IMG_4317.png",
      "sharpness": 5.174234595452497,
      "transform_matrix": [
        [
          -0.8578480582569498,
          0.22982131686545826,
          0.459650814492185,
          1.6296503922828347
        ],
        [
          0.37249934608786833,
          -0.33810977024526623,
          0.8642488185870453,
          3.3116417713116846
        ],
        [
          0.3540352328680936,
          0.9126137987028546,
          0.20443851963316909,
          0.6118254438312131
        ],
        [
          0.0,
          0.0,
          0.0,
          1.0
        ]
      ]
    }
  ]
}