{
  "camera_angle_x": 0.4975150271629904,
  "camera_angle_y": 0.6467817377123418,
  "fl_x": 5952.314300258898,
  "fl_y": 6015.093163660898,
  "k1": 0.04570386119872867,
  "k2": -0.23175211959375916,
  "k3": 0,
  "k4": 0,
  "p1": -0.01031117835467031,
  "p2": 0.010686915782326617,
  "is_fisheye": false,
  "cx": 1568.235014152425,
  "cy": 1934.2155412934728,
  "w": 3024.0,
  "h": 4032.0,
  "aabb_scale": 32,
  "frames": [
    {
      "file_path": "./images/IMG_4326.png",
      "sharpness": 7.670069009122396,
      "transform_matrix": [
        [
          -0.9416050100258816,
          0.26122101317388086,
          -0.212470203567661,
          -0.8167006349750771
        ],
        [
          -0.1701749937764275,
          0.1753061462013161,
          0.9696949141984861,
          3.9762539323765425
        ],
        [
          0.2905520205265436,
          0.9492267049757152,
          -0.12061586126035145,
          -0.5142537610036793
        ],
        [
          0.0,
          0.0,
          0.0,
          1.0
        ]
      ]
    },
    {
      "file_path": "./images/IMG_4325.png",
      "sharpness": 7.500815972474267,
      "transform_matrix": [
        [
          -0.9321116986490652,
          0.2625842714561473,
          -0.2494339224301931,
          -1.0852576151166506
        ],
        [
          -0.2053883934522748,
          0.18400800517475435,
          0.9612266443934411,
          3.9721309763213157
        ],
        [
          0.29830083661158335,
          0.947201432892748,
          -0.1175842526082522,
          -0.49161879021373295
        ],
        [
          0.0,
          0.0,
          0.0,
          1.0
        ]
      ]
    },
    {
      "file_path": "./images/IMG_4320.png",
      "sharpness": 5.6541959942840965,
      "transform_matrix": [
        [
          -0.967842648927375,
          0.2270119027754798,
          -0.1083799010380187,
          -0.46238866023929603
        ],
        [
          -0.15997583597856388,
          -0.22294766510146077,
          0.961614304466162,
          3.5667620874408352
        ],
        [
          0.1941348471126295,
          0.9480295009528167,
          0.25209467768756294,
          0.883687272013285
        ],
        [
          0.0,
          0.0,
          0.0,
          1.0
        ]
      ]
    },
    {
      "file_path": "./images/IMG_4323.png",
      "sharpness": 3.8518708791436262,
      "transform_matrix": [
        [
          -0.8823915914933275,
          0.3568535323090576,
          -0.30666045681491744,
          -1.054243459238756
        ],
        [
          -0.37932525637666914,
          -0.15391472161690348,
          0.912371968206794,
          3.5461111952489155
        ],
        [
          0.2783836007927813,
          0.9213934094617977,
          0.2711766137938454,
          0.9191028534161608
        ],
        [
          0.0,
          0.0,
          0.0,
          1.0
        ]
      ]
    },
    {
      "file_path": "./images/IMG_4335.png",
      "sharpness": 9.75230144622412,
      "transform_matrix": [
        [
          -0.9664482007523908,
          0.11135905231693985,
          0.23146713970465085,
          1.1775982857906453
        ],
        [
          0.2446975335222014,
          0.1251236246961969,
          0.961492171396216,
          4.044707520108772
        ],
        [
          0.07810884949893267,
          0.9858718172605492,
          -0.14817478739658216,
          -0.6457237736912654
        ],
        [
          0.0,
          0.0,
          0.0,
          1.0
        ]
      ]
    },
    {
      "file_path": "./images/IMG_4301.png",
      "sharpness": 8.903732516437264,
      "transform_matrix": [
        [
          -0.6274179223713012,
          -0.3857125861259001,
          0.6764410925016773,
          2.672955738709838
        ],
        [
          0.7108529388942049,
          0.07089160023476838,
          0.6997588729746835,
          2.9257390715602027
        ],
        [
          -0.3178597960716092,
          0.9198913968362834,
          0.22970626488320497,
          1.0426294844815382
        ],
        [
          0.0,
          0.0,
          0.0,
          1.0
        ]
      ]
    },
    {
      "file_path": "./images/IMG_4331.png",
      "sharpness": 6.407328340755416,
      "transform_matrix": [
        [
          -0.9824841198216411,
          0.1829821798376926,
          0.035248775775262114,
          0.20939435652301855
        ],
        [
          0.05823707157862643,
          0.12182074551400587,
          0.9908421415551176,
          4.141604851221883
        ],
        [
          0.17701242279340443,
          0.9755394548058525,
          -0.13034329423716526,
          -0.6285347672807671
        ],
        [
          0.0,
          0.0,
          0.0,
          1.0
        ]
      ]
    },
    {
      "file_path": "./images/IMG_4300.png",
      "sharpness": 8.8992924317556,
      "transform_matrix": [
        [
          -0.6098508260877682,
          -0.38580508748167897,
          0.692269026049002,
          2.7385518097295733
        ],
        [
          0.7237271763166371,
          0.08484836443048693,
          0.6848501510107101,
          2.8841850380773337
        ],
        [
          -0.322956567028672,
          0.918670337814127,
          0.22747278143158017,
          1.0481278324608916
        ],
        [
          0.0,
          0.0,
          0.0,
          1.0
        ]
      ]
    },
    {
      "file_path": "./images/IMG_4330.png",
      "sharpness": 5.827030334697672,
      "transform_matrix": [
        [
          -0.98338446895713,
          0.18025489807467746,
          0.021521105164553214,
          0.011197400916031806
        ],
        [
          0.04426264369994386,
          0.12310929702188543,
          0.9914055272110613,
          4.130277834507502
        ],
        [
          0.17605625413015952,
          0.9758853789075409,
          -0.12904232900420157,
          -0.6115703137984752
        ],
        [
          0.0,
          0.0,
          0.0,
          1.0
        ]
      ]
    },
    {
      "file_path": "./images/IMG_4295.png",
      "sharpness": 11.50209607638495,
      "transform_matrix": [
        [
          -0.448918689838186,
          -0.4139810783869732,
          0.791891202555653,
          3.4175417635180083
        ],
        [
          0.8153951602613876,
          0.17272189285385856,
          0.5525376732644212,
          2.4139800855841047
        ],
        [
          -0.36551708926716503,
          0.8937487423855532,
          0.26002008191020215,
          1.185532220467956
        ],
        [
          0.0,
          0.0,
          0.0,
          1.0
        ]
      ]
    },
    {
      "file_path": "./images/IMG_4324.png",
      "sharpness": 15.361970524343068,
      "transform_matrix": [
        [
          -0.9253133457440558,
          0.26325610096724117,
          -0.2729311955877896,
          -1.1977788910863223
        ],
        [
          -0.23017620025857627,
          0.18205912628276674,
          0.9559672543538575,
          3.924123173654356
        ],
        [
          0.30135382703757946,
          0.9473915240803545,
          -0.10786645024841889,
          -0.5208122372174548
        ],
        [
          0.0,
          0.0,
          0.0,
          1.0
        ]
      ]
    },
    {
      "file_path": "./images/IMG_4290.png",
      "sharpness": 11.119074760127132,
      "transform_matrix": [
        [
          -0.39544087094427127,
          -0.4451660564761451,
          0.8034013317027966,
          3.4696742669644087
        ],
        [
          0.8444136635530377,
          0.16794332849236532,
          0.5086851710488687,
          2.218983296176626
        ],
        [
          -0.36137526534508485,
          0.8795579688825478,
          0.3094926445501794,
          1.3026291813225153
        ],
        [
          0.0,
          0.0,
          0.0,
          1.0
        ]
      ]
    },
    {
      "file_path": "./images/IMG_4305.png",
      "sharpness": 7.0393263418998,
      "transform_matrix": [
        [
          -0.7974464807360191,
          -0.3012122781321278,
          0.5228291058249384,
          2.0835679041543984
        ],
        [
          0.5643886372847988,
          -0.06588857368856697,
          0.8228755446519649,
          3.0261453106380736
        ],
        [
          -0.21341175335815965,
          0.9512780137358113,
          0.22254339839710488,
          0.9994136600356753
        ],
        [
          0.0,
          0.0,
          0.0,
          1.0
        ]
      ]
    },
    {
      "file_path": "./images/IMG_4310.png",
      "sharpness": 6.377068930926237,
      "transform_matrix": [
        [
          -0.9025542658947526,
          -0.19303973130869365,
          0.38487849937995244,
          1.5959711105010914
        ],
        [
          0.41779794689850636,
          -0.1764843512914019,
          0.8912340597967626,
          3.4018138962155504
        ],
        [
          -0.1041185511472444,
          0.9651885494265897,
          0.2399383075323345,
          1.0296178715838293
        ],
        [
          0.0,
          0.0,
          0.0,
          1.0
        ]
      ]
    },
    {
      "file_path": "./images/IMG_4315.png",
      "sharpness": 5.212337182008567,
      "transform_matrix": [
        [
          -0.9884006371624771,
          0.023870333965078608,
          0.14998129098896898,
          0.5960358106783403
        ],
        [
          0.1379747771029131,
          -0.27152386966528996,
          0.9524902881975027,
          3.4141766323174716
        ],
        [
          0.06345976178448932,
          0.9621356429392932,
          0.2650808617737904,
          0.9364600570985874
        ],
        [
          0.0,
          0.0,
          0.0,
          1.0
        ]
      ]
    },
    {
      "file_path": "./images/IMG_4317.png",
      "sharpness": 5.174234595452497,
      "transform_matrix": [
        [
          -0.9927397919857941,
          0.09793231494543629,
          0.06983528571533996,
          0.2537698836097042
        ],
        [
          0.04041307922401017,
          -0.27527415369767694,
          0.9605159672586582,
          3.568804871346491
        ],
        [
          0.11328940138922095,
          0.9563646804696395,
          0.26931785967841676,
          0.862517636468505
        ],
        [
          0.0,
          0.0,
          0.0,
          1.0
        ]
      ]
    },
    {
      "file_path": "./images/IMG_4319.png",
      "sharpness": 5.89620470065416,
      "transform_matrix": [
        [
          -0.9853372514267965,
          0.15759121731007777,
          -0.06538737807044168,
          -0.36928319682595884
        ],
        [
          -0.10270197005781208,
          -0.24179879651695957,
          0.9648759751254913,
          3.5056408094902904
        ],
        [
          0.13624539014844222,
          0.957443653842651,
          0.2544382900398821,
          0.8464353576885911
        ],
        [
          0.0,
          0.0,
          0.0,
          1.0
        ]
      ]
    }
  ]
}