{
  "camera_angle_x": 0.503104571195108,
  "camera_angle_y": 0.6671726946883567,
  "fl_x": 5883.35840328011,
  "fl_y": 5817.56190638379,
  "k1": 0.07966211535730058,
  "k2": -0.24301243598532285,
  "k3": 0,
  "k4": 0,
  "p1": 0.0024491639433231373,
  "p2": -0.002662931631530848,
  "is_fisheye": false,
  "cx": 1489.4298109252647,
  "cy": 2004.377377627137,
  "w": 3024.0,
  "h": 4032.0,
  "aabb_scale": 32,
  "frames": [
    {
      "file_path": "./images/IMG_4358.png",
      "sharpness": 9.067286278646174,
      "transform_matrix": [
        [
          -0.15451163822065406,
          0.3445866623423667,
          0.925951502942587,
          3.7630437151989504
        ],
        [
          0.9838660559289064,
          0.13921627090947844,
          0.11236731689053789,
          0.4562834430099631
        ],
        [
          -0.09018723659901642,
          0.9283743113967825,
          -0.36053765448968406,
          -1.3952361973196437
        ],
        [
          0.0,
          0.0,
          0.0,
          1.0
        ]
      ]
    },
    {
      "file_path": "./images/IMG_4368.png",
      "sharpness": 7.779477471765491,
      "transform_matrix": [
        [
          -0.7126881471855838,
          0.24928850154625554,
          0.6556911223049469,
          2.6917533764524917
        ],
        [
          0.6987402885968983,
          0.16973529589206338,
          0.694947435724587,
          2.581889155874923
        ],
        [
          0.06194847824696579,
          0.9534386043877111,
          -0.2951562530556303,
          -1.3889111123830784
        ],
        [
          0.0,
          0.0,
          0.0,
          1.0
        ]
      ]
    },
    {
      "file_path": "./images/IMG_4363.png",
      "sharpness": 11.3268714694572,
      "transform_matrix": [
        [
          -0.4750959943580205,
          0.25554526308832526,
          0.8420097473720838,
          3.237973517178237
        ],
        [
          0.8788344029128814,
          0.18562471983252452,
          0.43953788874689476,
          1.7462675607165126
        ],
        [
          -0.04397599803508553,
          0.9488098238908026,
          -0.3127715295497058,
          -1.1275698915592567
        ],
        [
          0.0,
          0.0,
          0.0,
          1.0
        ]
      ]
    },
    {
      "file_path": "./images/IMG_4367.png",
      "sharpness": 7.605376152300909,
      "transform_matrix": [
        [
          -0.673975844994419,
          0.23519419900101599,
          0.7003143930634638,
          2.8710161159621808
        ],
        [
          0.7379378429679135,
          0.16980343769804315,
          0.653157356585694,
          2.351466261552112
        ],
        [
          0.034703029892198534,
          0.9570007739358002,
          -0.2880021152948717,
          -1.3621019550089037
        ],
        [
          0.0,
          0.0,
          0.0,
          1.0
        ]
      ]
    },
    {
      "file_path": "./images/IMG_4360.png",
      "sharpness": 12.038533168260253,
      "transform_matrix": [
        [
          -0.2799064600787001,
          0.31729810192161545,
          0.9060763147410207,
          3.4918098164339475
        ],
        [
          0.9579891141010435,
          0.1537825099144367,
          0.24209047256869864,
          1.100266958231175
        ],
        [
          -0.06252384241554228,
          0.9357739332621728,
          -0.34701284553799866,
          -1.2862051680037092
        ],
        [
          0.0,
          0.0,
          0.0,
          1.0
        ]
      ]
    },
    {
      "file_path": "./images/IMG_4344.png",
      "sharpness": 11.022154361958439,
      "transform_matrix": [
        [
          -0.111955104265194,
          -0.07810148760614746,
          0.9906392947355734,
          4.195561446103745
        ],
        [
          0.9858933640224306,
          0.11608986347644261,
          0.12057121702453713,
          0.5717822978634777
        ],
        [
          -0.1244199718923521,
          0.9901632699930258,
          0.06400288558154363,
          0.4099262140440061
        ],
        [
          0.0,
          0.0,
          0.0,
          1.0
        ]
      ]
    },
    {
      "file_path": "./images/IMG_4323.png",
      "sharpness": 3.8518708791436262,
      "transform_matrix": [
        [
          -0.9633412573733554,
          -0.0036363495890734997,
          0.26825435469998693,
          1.09677414892038
        ],
        [
          0.23604870291969507,
          -0.486672981477631,
          0.8410888294049711,
          3.141989222613914
        ],
        [
          0.12749365357701944,
          0.8735766629611604,
          0.4696905175101642,
          1.6017292280955402
        ],
        [
          0.0,
          0.0,
          0.0,
          1.0
        ]
      ]
    },
    {
      "file_path": "./images/IMG_4320.png",
      "sharpness": 5.6541959942840965,
      "transform_matrix": [
        [
          -0.8795075949932804,
          -0.1545087196559505,
          0.4501038168144469,
          1.5402835275103266
        ],
        [
          0.46758757778467497,
          -0.4564263534544,
          0.7569919688966333,
          2.8033584294893417
        ],
        [
          0.08847738388046932,
          0.8762431394494103,
          0.4736768023887695,
          1.6091712274011245
        ],
        [
          0.0,
          0.0,
          0.0,
          1.0
        ]
      ]
    },
    {
      "file_path": "./images/IMG_4325.png",
      "sharpness": 7.500815972474267,
      "transform_matrix": [
        [
          -0.9002010068468412,
          0.11927413680761119,
          0.4188219521136049,
          1.5929603068035727
        ],
        [
          0.39617753159152486,
          -0.1749484131352855,
          0.901352548231664,
          3.6858600283532463
        ],
        [
          0.18078028305817018,
          0.9773263186068215,
          0.11023500454749188,
          0.38234895895690424
        ],
        [
          0.0,
          0.0,
          0.0,
          1.0
        ]
      ]
    },
    {
      "file_path": "./images/IMG_4326.png",
      "sharpness": 7.670069009122396,
      "transform_matrix": [
        [
          -0.8822957902552352,
          0.11061766349345128,
          0.45751270040585473,
          1.8138560886065516
        ],
        [
          0.434750201440997,
          -0.18102844123627151,
          0.8821683319020241,
          3.5119075850049333
        ],
        [
          0.18040621068318655,
          0.977237144196899,
          0.11162958013251928,
          0.3782964280911827
        ],
        [
          0.0,
          0.0,
          0.0,
          1.0
        ]
      ]
    },
    {
      "file_path": "./images/IMG_4364.png",
      "sharpness": 8.068504619696627,
      "transform_matrix": [
        [
          -0.5084481545801681,
          0.26939997953790146,
          0.8178655911214984,
          3.1110445287475645
        ],
        [
          0.8610925612215878,
          0.1593745281139565,
          0.4828243581236569,
          1.9500862131006444
        ],
        [
          -0.00027407044671731116,
          0.9497491304681465,
          -0.31301200307996113,
          -1.319868395169281
        ],
        [
          0.0,
          0.0,
          0.0,
          1.0
        ]
      ]
    },
    {
      "file_path": "./images/IMG_4290.png",
      "sharpness": 11.119074760127132,
      "transform_matrix": [
        [
          0.2823131097507491,
          -0.42420311781812353,
          0.8604365304354311,
          3.5076564750600583
        ],
        [
          0.9394263049251738,
          0.30396866624173124,
          -0.1583706650806239,
          -0.6415321258617669
        ],
        [
          -0.19436441464399024,
          0.8530268253617992,
          0.48432190694310867,
          1.958733038077243
        ],
        [
          0.0,
          0.0,
          0.0,
          1.0
        ]
      ]
    },
    {
      "file_path": "./images/IMG_4353.png",
      "sharpness": 12.693395705726838,
      "transform_matrix": [
        [
          0.08080224931848458,
          0.31165700796351736,
          0.9467528219677084,
          4.333563626846408
        ],
        [
          0.9829532847221701,
          0.13246582536777568,
          -0.12749762807108025,
          -0.5727875238350305
        ],
        [
          -0.16514792326830147,
          0.9409158913040583,
          -0.2956407430368772,
          -1.1432477015257836
        ],
        [
          0.0,
          0.0,
          0.0,
          1.0
        ]
      ]
    },
    {
      "file_path": "./images/IMG_4295.png",
      "sharpness": 11.50209607638495,
      "transform_matrix": [
        [
          0.22562408083220525,
          -0.4004634992466463,
          0.8881006474106817,
          3.6088904583597072
        ],
        [
          0.9518146383384002,
          0.28497309031845214,
          -0.11331033509487873,
          -0.46032095543714063
        ],
        [
          -0.20770813271353483,
          0.8708727367278681,
          0.4454638122681906,
          1.8923893020774913
        ],
        [
          0.0,
          0.0,
          0.0,
          1.0
        ]
      ]
    },
    {
      "file_path": "./images/IMG_4370.png",
      "sharpness": 8.173705837584077,
      "transform_matrix": [
        [
          -0.7802143217952272,
          0.2466931771614639,
          0.5748113502873042,
          2.3568598320814496
        ],
        [
          0.6223304482449394,
          0.2135698397865239,
          0.7530556000197018,
          2.924327880308941
        ],
        [
          0.06301131055975784,
          0.9452673695240466,
          -0.32015492322682004,
          -1.4755338128175173
        ],
        [
          0.0,
          0.0,
          0.0,
          1.0
        ]
      ]
    },
    {
      "file_path": "./images/IMG_4300.png",
      "sharpness": 8.8992924317556,
      "transform_matrix": [
        [
          0.041568130201700734,
          -0.43934273446453864,
          0.8973572600900237,
          3.418371243169642
        ],
        [
          0.9797069449609551,
          0.19417915803890906,
          0.049686583488848295,
          0.3022479460426398
        ],
        [
          -0.19607751668057433,
          0.8770817614495883,
          0.4384987926968633,
          1.827788968554044
        ],
        [
          0.0,
          0.0,
          0.0,
          1.0
        ]
      ]
    },
    {
      "file_path": "./images/IMG_4315.png",
      "sharpness": 5.212337182008567,
      "transform_matrix": [
        [
          -0.6895415777719064,
          -0.3457050606023757,
          0.6364121491684895,
          2.206103078385146
        ],
        [
          0.723784702658808,
          -0.36029100707223566,
          0.5884947700873788,
          2.034604784799594
        ],
        [
          0.025847953979682377,
          0.8664169904309347,
          0.49865166396935423,
          1.6877412877447764
        ],
        [
          0.0,
          0.0,
          0.0,
          1.0
        ]
      ]
    },
    {
      "file_path": "./images/IMG_4373.png",
      "sharpness": 8.496806221512784,
      "transform_matrix": [
        [
          -0.8725790572373031,
          0.22172189786615817,
          0.43525301709351294,
          1.8101683819215537
        ],
        [
          0.47930573317253694,
          0.21682053494343845,
          0.8504439251208746,
          3.3435963515767524
        ],
        [
          0.09419024910458422,
          0.9506988248887297,
          -0.2954656347877786,
          -1.3562911490433627
        ],
        [
          0.0,
          0.0,
          0.0,
          1.0
        ]
      ]
    },
    {
      "file_path": "./images/IMG_4305.png",
      "sharpness": 7.0393263418998,
      "transform_matrix": [
        [
          -0.21966704288098976,
          -0.47650526312549785,
          0.8512867463417596,
          3.029612599208088
        ],
        [
          0.9656326612891082,
          0.018060699868437426,
          0.25928242241270066,
          0.8065419718800936
        ],
        [
          -0.13892427334323754,
          0.8789860893925571,
          0.45616170481768054,
          1.771065830835542
        ],
        [
          0.0,
          0.0,
          0.0,
          1.0
        ]
      ]
    },
    {
      "file_path": "./images/IMG_4317.png",
      "sharpness": 5.174234595452497,
      "transform_matrix": [
        [
          -0.7632533303810798,
          -0.28864097799805705,
          0.5780404306742163,
          2.056051815145074
        ],
        [
          0.643915057516227,
          -0.41333007446549724,
          0.6438413222576216,
          2.367420471055054
        ],
        [
          0.053082505322639764,
          0.8636229706143803,
          0.5013358278316095,
          1.6327826577299123
        ],
        [
          0.0,
          0.0,
          0.0,
          1.0
        ]
      ]
    },
    {
      "file_path": "./images/IMG_4369.png",
      "sharpness": 7.979341770433884,
      "transform_matrix": [
        [
          -0.7273666942345938,
          0.25404519633771194,
          0.6374941022060442,
          2.5066595117446453
        ],
        [
          0.6848037685748533,
          0.20844247202427646,
          0.6982804124435322,
          2.809682271451585
        ],
        [
          0.04451393791327094,
          0.9444642788827623,
          -0.32558521965478837,
          -1.4496989058909078
        ],
        [
          0.0,
          0.0,
          0.0,
          1.0
        ]
      ]
    },
    {
      "file_path": "./images/IMG_4301.png",
      "sharpness": 8.903732516437264,
      "transform_matrix": [
        [
          0.019724905197042758,
          -0.44835618466142146,
          0.89363732005906,
          3.395395074137714
        ],
        [
          0.9805591290709531,
          0.18320787786526518,
          0.07027565641060572,
          0.37186932922807064
        ],
        [
          -0.19522992217205934,
          0.8748780516020538,
          0.4432535079674227,
          1.827595198990359
        ],
        [
          0.0,
          0.0,
          0.0,
          1.0
        ]
      ]
    },
    {
      "file_path": "./images/IMG_4319.png",
      "sharpness": 5.89620470065416,
      "transform_matrix": [
        [
          -0.8472812945374628,
          -0.21984084843029314,
          0.48351257408663945,
          1.5779263408738555
        ],
        [
          0.5292253347139507,
          -0.42673718201943683,
          0.7333593406913412,
          2.7112521640694878
        ],
        [
          0.04511045367483181,
          0.8772487554015056,
          0.47791177860301803,
          1.5645399839661693
        ],
        [
          0.0,
          0.0,
          0.0,
          1.0
        ]
      ]
    },
    {
      "file_path": "./images/IMG_4345.png",
      "sharpness": 12.429669290494834,
      "transform_matrix": [
        [
          -0.10857301496852065,
          -0.06545131297802614,
          0.9919314623811547,
          4.224643931824007
        ],
        [
          0.9828781546249725,
          0.1423629733680307,
          0.11697571104739796,
          0.33037787800146273
        ],
        [
          -0.1488705262364705,
          0.9876481708861419,
          0.048873888479173545,
          0.5294968605930802
        ],
        [
          0.0,
          0.0,
          0.0,
          1.0
        ]
      ]
    },
    {
      "file_path": "./images/IMG_4310.png",
      "sharpness": 6.377068930926237,
      "transform_matrix": [
        [
          -0.41041878834944584,
          -0.46639247403985534,
          0.7836035211382564,
          2.8912144639807154
        ],
        [
          0.9090085906668073,
          -0.14090272213679336,
          0.3922369245604095,
          1.3631971684087867
        ],
        [
          -0.07252448045115693,
          0.8732837357154305,
          0.4817838900190957,
          1.8523424151409262
        ],
        [
          0.0,
          0.0,
          0.0,
          1.0
        ]
      ]
    },
    {
      "file_path": "./images/IMG_4324.png",
      "sharpness": 15.361970524343068,
      "transform_matrix": [
        [
          -0.911014846255963,
          0.1209271909493414,
          0.3942442953320234,
          1.4809665262707643
        ],
        [
          0.3710908675445453,
          -0.17653618109347974,
          0.9116614200404602,
          3.7268175760238913
        ],
        [
          0.17984303693818587,
          0.9768375459949015,
          0.11595210567837537,
          0.3319037958438411
        ],
        [
          0.0,
          0.0,
          0.0,
          1.0
        ]
      ]
    },
    {
      "file_path": "./images/IMG_4330.png",
      "sharpness": 5.827030334697672,
      "transform_matrix": [
        [
          -0.7610544813430478,
          0.010763974498765896,
          0.6485986534769962,
          2.527925325061981
        ],
        [
          0.6381862878883388,
          -0.1667609643643851,
          0.751604312597915,
          3.1260766663173447
        ],
        [
          0.11625118659323197,
          0.9859385972912634,
          0.12004475831431144,
          0.3624439478333651
        ],
        [
          0.0,
          0.0,
          0.0,
          1.0
        ]
      ]
    },
    {
      "file_path": "./images/IMG_4331.png",
      "sharpness": 6.407328340755416,
      "transform_matrix": [
        [
          -0.75200963651241,
          0.01219666029332963,
          0.6590392614113972,
          2.6813911837075883
        ],
        [
          0.6480968869268245,
          -0.1686673374296813,
          0.7426451066561758,
          3.0082317644832615
        ],
        [
          0.12021618756827297,
          0.985597570397511,
          0.11893484554499971,
          0.3590984965824885
        ],
        [
          0.0,
          0.0,
          0.0,
          1.0
        ]
      ]
    },
    {
      "file_path": "./images/IMG_4340.png",
      "sharpness": 7.123525765424886,
      "transform_matrix": [
        [
          -0.3302913067102404,
          -0.07346018587631757,
          0.9410160752156028,
          3.7869254203728
        ],
        [
          0.9437579357297307,
          -0.009732291937540575,
          0.3304939352560375,
          1.3982369433625006
        ],
        [
          -0.015119902752987255,
          0.9972506623694964,
          0.07254312480229162,
          0.4398729627811593
        ],
        [
          0.0,
          0.0,
          0.0,
          1.0
        ]
      ]
    },
    {
      "file_path": "./images/IMG_4341.png",
      "sharpness": 12.349448949157432,
      "transform_matrix": [
        [
          -0.28860413624076214,
          -0.07644030878798486,
          0.9543922316053496,
          4.017716051228488
        ],
        [
          0.9562404255823307,
          0.027046462164615304,
          0.29132925937283266,
          1.1551635142314303
        ],
        [
          -0.048082231927751115,
          0.9967072629857269,
          0.06528959255568018,
          0.4275323893837638
        ],
        [
          0.0,
          0.0,
          0.0,
          1.0
        ]
      ]
    },
    {
      "file_path": "./images/IMG_4335.png",
      "sharpness": 9.75230144622412,
      "transform_matrix": [
        [
          -0.6056988779492948,
          -0.04437643903317965,
          0.7944555374098778,
          3.334954256392866
        ],
        [
          0.7929168139980827,
          -0.11700844916282212,
          0.5979899237477694,
          2.3294086951421153
        ],
        [
          0.06642134696749756,
          0.9921389794251833,
          0.10605871102327746,
          0.3810437438462339
        ],
        [
          0.0,
          0.0,
          0.0,
          1.0
        ]
      ]
    },
    {
      "file_path": "./images/IMG_4337.png",
      "sharpness": 8.487719922458725,
      "transform_matrix": [
        [
          -0.5015817302380979,
          -0.0626688890023474,
          0.8628373996611907,
          3.521656543715146
        ],
        [
          0.8643278300193065,
          -0.07871130362225884,
          0.4967312481980806,
          2.087419421470683
        ],
        [
          0.0367854610840493,
          0.9949256962431814,
          0.09364661670126855,
          0.37334125350072206
        ],
        [
          0.0,
          0.0,
          0.0,
          1.0
        ]
      ]
    },
    {
      "file_path": "./images/IMG_4349.png",
      "sharpness": 10.90230511622778,
      "transform_matrix": [
        [
          0.21104581087961294,
          0.3440170287748395,
          0.9149382217585053,
          4.377026508232231
        ],
        [
          0.9597900128321257,
          0.1043194605690099,
          -0.26061577353360776,
          -1.129057791310739
        ],
        [
          -0.18510212581070465,
          0.9331504348556159,
          -0.30816792331596243,
          -1.2633695897662216
        ],
        [
          0.0,
          0.0,
          0.0,
          1.0
        ]
      ]
    },
    {
      "file_path": "./images/IMG_4355.png",
      "sharpness": 11.526357017196428,
      "transform_matrix": [
        [
          -0.039729437706329106,
          0.31168890766390506,
          0.9493532517616078,
          4.133523710517875
        ],
        [
          0.9928705776136679,
          0.11917273019238857,
          0.0024241468221511716,
          -0.18114265645047262
        ],
        [
          -0.1123814392544396,
          0.9426812214261231,
          -0.31420141134850615,
          -1.211500761550126
        ],
        [
          0.0,
          0.0,
          0.0,
          1.0
        ]
      ]
    },
    {
      "file_path": "./images/IMG_4350.png",
      "sharpness": 12.716569116008845,
      "transform_matrix": [
        [
          0.20528636483644802,
          0.3331783006241362,
          0.920244385159164,
          4.385443227097213
        ],
        [
          0.9597652090671717,
          0.11553728559947171,
          -0.25593334894221276,
          -1.10270065133927
        ],
        [
          -0.19159397662305505,
          0.9357581715599406,
          -0.2960547119913829,
          -1.2392694479077486
        ],
        [
          0.0,
          0.0,
          0.0,
          1.0
        ]
      ]
    }
  ]
}