{
  "camera_angle_x": 0.5058307251999137,
  "camera_angle_y": 0.669559372004673,
  "fl_x": 5850.268274079756,
  "fl_y": 5795.19970656643,
  "k1": 0.09929309527365686,
  "k2": -0.35284724067096296,
  "k3": 0,
  "k4": 0,
  "p1": 0.003911018966264847,
  "p2": -0.0018334267565098942,
  "is_fisheye": false,
  "cx": 1491.3587511647188,
  "cy": 2024.10117990079,
  "w": 3024.0,
  "h": 4032.0,
  "aabb_scale": 32,
  "frames": [
    {
      "file_path": "./images/IMG_4324.png",
      "sharpness": 15.361970524343068,
      "transform_matrix": [
        [
          -0.4864088137236499,
          0.11002682215635914,
          0.8667759597116007,
          3.3999296390328086
        ],
        [
          0.8384464124454619,
          -0.2202958342408917,
          0.4984750333501589,
          2.11018437181335
        ],
        [
          0.24579275698841968,
          0.9692078434568715,
          0.014902241091599976,
          -0.1008321585726388
        ],
        [
          0.0,
          0.0,
          0.0,
          1.0
        ]
      ]
    },
    {
      "file_path": "./images/IMG_4325.png",
      "sharpness": 7.500815972474267,
      "transform_matrix": [
        [
          -0.463832836769521,
          0.11142394650262277,
          0.8788878220091352,
          3.4710700557958316
        ],
        [
          0.8513730922182466,
          -0.2182851877999583,
          0.47698578032670463,
          2.016668238057825
        ],
        [
          0.2449958313519949,
          0.9695031103245366,
          0.006384488000924003,
          -0.06246236217964521
        ],
        [
          0.0,
          0.0,
          0.0,
          1.0
        ]
      ]
    },
    {
      "file_path": "./images/IMG_4323.png",
      "sharpness": 3.8518708791436262,
      "transform_matrix": [
        [
          -0.611128679504806,
          -0.1902199819420504,
          0.7683346247257897,
          2.9268592836787084
        ],
        [
          0.7657757676194401,
          -0.38769147804427073,
          0.5131108959851696,
          1.8699554208331728
        ],
        [
          0.20027284092396302,
          0.9019488213409307,
          0.3825952337206915,
          1.2415736389741152
        ],
        [
          0.0,
          0.0,
          0.0,
          1.0
        ]
      ]
    },
    {
      "file_path": "./images/IMG_4320.png",
      "sharpness": 5.6541959942840965,
      "transform_matrix": [
        [
          -0.416294382064605,
          -0.28625317916444043,
          0.8629936876220715,
          3.0712377858006854
        ],
        [
          0.8976082890128181,
          -0.2806568890486496,
          0.33989861742144944,
          1.3341662381787498
        ],
        [
          0.14490806380614485,
          0.9161281722793856,
          0.37377911257295515,
          1.228294456849086
        ],
        [
          0.0,
          0.0,
          0.0,
          1.0
        ]
      ]
    },
    {
      "file_path": "./images/IMG_4319.png",
      "sharpness": 5.89620470065416,
      "transform_matrix": [
        [
          -0.36003603301042786,
          -0.3211576135198288,
          0.875917714290677,
          3.0393781463898946
        ],
        [
          0.9281181528679497,
          -0.21861685811564666,
          0.3013359647712598,
          1.236959666956787
        ],
        [
          0.09471403935243347,
          0.9214469364113943,
          0.3767821573846636,
          1.1878972619890784
        ],
        [
          0.0,
          0.0,
          0.0,
          1.0
        ]
      ]
    },
    {
      "file_path": "./images/IMG_4317.png",
      "sharpness": 5.174234595452497,
      "transform_matrix": [
        [
          -0.22174346536066836,
          -0.37039553597102615,
          0.9020182827960974,
          3.232267742099296
        ],
        [
          0.9713818360624353,
          -0.16466812554329038,
          0.17117750143645896,
          0.6672159389639774
        ],
        [
          0.08513027744307261,
          0.9141616680646593,
          0.39630957659328003,
          1.2299829326519756
        ],
        [
          0.0,
          0.0,
          0.0,
          1.0
        ]
      ]
    },
    {
      "file_path": "./images/IMG_4315.png",
      "sharpness": 5.212337182008567,
      "transform_matrix": [
        [
          -0.11711985302833319,
          -0.38558908518175267,
          0.9152070789778468,
          3.1592248270171703
        ],
        [
          0.9921341421049247,
          -0.08643382242247681,
          0.09054854173956918,
          0.3026040211227632
        ],
        [
          0.04419031677026266,
          0.9186132220505082,
          0.3926792128106185,
          1.295531751419414
        ],
        [
          0.0,
          0.0,
          0.0,
          1.0
        ]
      ]
    },
    {
      "file_path": "./images/IMG_4310.png",
      "sharpness": 6.377068930926237,
      "transform_matrix": [
        [
          0.19585995204986276,
          -0.3530798512668235,
          0.9148625567855891,
          3.322249654208942
        ],
        [
          0.976414963126354,
          0.156642281412682,
          -0.14858336197834898,
          -0.6329656183652544
        ],
        [
          -0.09084436672589388,
          0.9223870198019697,
          0.375432399681823,
          1.4353156812303753
        ],
        [
          0.0,
          0.0,
          0.0,
          1.0
        ]
      ]
    },
    {
      "file_path": "./images/IMG_4301.png",
      "sharpness": 8.903732516437264,
      "transform_matrix": [
        [
          0.5684370248836025,
          -0.14829990216832323,
          0.8092505716736852,
          3.1369363032883912
        ],
        [
          0.7804841418935318,
          0.40833268306234255,
          -0.47340144084679714,
          -1.7353106193322476
        ],
        [
          -0.26023806983732695,
          0.9007061446201504,
          0.3478571374094355,
          1.4262656957416284
        ],
        [
          0.0,
          0.0,
          0.0,
          1.0
        ]
      ]
    },
    {
      "file_path": "./images/IMG_4305.png",
      "sharpness": 7.0393263418998,
      "transform_matrix": [
        [
          0.3740482395191374,
          -0.26759262288778957,
          0.8879651472239828,
          3.095629984111552
        ],
        [
          0.9097896642527733,
          0.2916266539266976,
          -0.2953585304986836,
          -1.16528710861344
        ],
        [
          -0.17991854082003153,
          0.9183398515210637,
          0.35253543903173923,
          1.3797446663973587
        ],
        [
          0.0,
          0.0,
          0.0,
          1.0
        ]
      ]
    },
    {
      "file_path": "./images/IMG_4300.png",
      "sharpness": 8.8992924317556,
      "transform_matrix": [
        [
          0.5852905255799855,
          -0.1344356824067017,
          0.7996011805631547,
          3.115777749176469
        ],
        [
          0.7667698578097092,
          0.412403674091313,
          -0.49192193969212417,
          -1.8048749760158738
        ],
        [
          -0.2636266030186572,
          0.9010273341516153,
          0.34445719224355975,
          1.4307586706547755
        ],
        [
          0.0,
          0.0,
          0.0,
          1.0
        ]
      ]
    },
    {
      "file_path": "./images/IMG_4295.png",
      "sharpness": 11.50209607638495,
      "transform_matrix": [
        [
          0.7148649676634802,
          -0.05020848087637085,
          0.6974576592535354,
          2.826320995781578
        ],
        [
          0.6353509643346896,
          0.46322352333544825,
          -0.6178617317391257,
          -2.534345430694226
        ],
        [
          -0.29205689535445173,
          0.8848181032695408,
          0.36304227577274073,
          1.5256052966306461
        ],
        [
          0.0,
          0.0,
          0.0,
          1.0
        ]
      ]
    },
    {
      "file_path": "./images/IMG_4290.png",
      "sharpness": 11.119074760127132,
      "transform_matrix": [
        [
          0.7546040643582559,
          -0.059876336227434795,
          0.6534428287232347,
          2.645543996471272
        ],
        [
          0.5916408639390268,
          0.49276041863748077,
          -0.6380817016195454,
          -2.620403750841046
        ],
        [
          -0.28378476733057506,
          0.8681025251553168,
          0.4072643019538217,
          1.6125273138217968
        ],
        [
          0.0,
          0.0,
          0.0,
          1.0
        ]
      ]
    },
    {
      "file_path": "./images/IMG_4353.png",
      "sharpness": 12.693395705726838,
      "transform_matrix": [
        [
          0.6221691508353164,
          0.43842211624382127,
          0.6486074280587548,
          2.9752131443453598
        ],
        [
          0.7461163635408306,
          -0.08114796193773957,
          -0.6608520109146644,
          -3.0334800746469743
        ],
        [
          -0.23709896626454505,
          0.895098350047357,
          -0.3776016736385352,
          -1.557327566530407
        ],
        [
          0.0,
          0.0,
          0.0,
          1.0
        ]
      ]
    },
    {
      "file_path": "./images/IMG_4355.png",
      "sharpness": 11.526357017196428,
      "transform_matrix": [
        [
          0.5376120577219268,
          0.43058900352738755,
          0.7249595750310005,
          3.038174741300117
        ],
        [
          0.8251659801958129,
          -0.09183930800558313,
          -0.5573747811235602,
          -2.598993473191664
        ],
        [
          -0.17341966589242075,
          0.8978633813349415,
          -0.4046813165138543,
          -1.6301036038066128
        ],
        [
          0.0,
          0.0,
          0.0,
          1.0
        ]
      ]
    },
    {
      "file_path": "./images/IMG_4350.png",
      "sharpness": 12.716569116008845,
      "transform_matrix": [
        [
          0.7051801955569394,
          0.44523548862025325,
          0.551802728756576,
          2.694601695353921
        ],
        [
          0.6538747358905252,
          -0.1074365209576805,
          -0.748936061175187,
          -3.493286955917858
        ],
        [
          -0.27416914771010104,
          0.8889447416085395,
          -0.3668903443895513,
          -1.6238293137751647
        ],
        [
          0.0,
          0.0,
          0.0,
          1.0
        ]
      ]
    },
    {
      "file_path": "./images/IMG_4349.png",
      "sharpness": 10.90230511622778,
      "transform_matrix": [
        [
          0.7107240676257867,
          0.4469549002555088,
          0.543233482796197,
          2.6659228359091944
        ],
        [
          0.6503037408171624,
          -0.12293224119785422,
          -0.7496617295509191,
          -3.506062623506709
        ],
        [
          -0.2682840740229508,
          0.8860693997693145,
          -0.37802734611921207,
          -1.6429526220345816
        ],
        [
          0.0,
          0.0,
          0.0,
          1.0
        ]
      ]
    },
    {
      "file_path": "./images/IMG_4345.png",
      "sharpness": 12.429669290494834,
      "transform_matrix": [
        [
          0.4721129883398979,
          0.1476802163025204,
          0.8690799042374955,
          3.6213370520873682
        ],
        [
          0.8581112099165004,
          0.14878030516997734,
          -0.4914362341231726,
          -2.249668129938015
        ],
        [
          -0.2018773827237554,
          0.9777806372097503,
          -0.05648493461216618,
          0.055415932516170406
        ],
        [
          0.0,
          0.0,
          0.0,
          1.0
        ]
      ]
    },
    {
      "file_path": "./images/IMG_4344.png",
      "sharpness": 11.022154361958439,
      "transform_matrix": [
        [
          0.4742871715612527,
          0.12241382336956454,
          0.8718179481613773,
          3.724271380705303
        ],
        [
          0.8622875784435203,
          0.13508457095332185,
          -0.48806996501768474,
          -2.0354399651868413
        ],
        [
          -0.1775156639664494,
          0.98324311059591,
          -0.0414870402423381,
          -0.0768726827416335
        ],
        [
          0.0,
          0.0,
          0.0,
          1.0
        ]
      ]
    },
    {
      "file_path": "./images/IMG_4341.png",
      "sharpness": 12.349448949157432,
      "transform_matrix": [
        [
          0.32435807277059214,
          0.07203443377677277,
          0.9431876170597498,
          3.929817595432687
        ],
        [
          0.942365302724871,
          0.061927279866146635,
          -0.3288048786569926,
          -1.4593222004596238
        ],
        [
          -0.08209431678503994,
          0.9954778010356115,
          -0.047796137843354604,
          -0.0796290836923185
        ],
        [
          0.0,
          0.0,
          0.0,
          1.0
        ]
      ]
    },
    {
      "file_path": "./images/IMG_4340.png",
      "sharpness": 7.123525765424886,
      "transform_matrix": [
        [
          0.28762304344908074,
          0.052982917774529015,
          0.9562770494459375,
          3.8885348476864565
        ],
        [
          0.956707251930492,
          0.03054443777179868,
          -0.2894447640307358,
          -1.1253680990331378
        ],
        [
          -0.04454457296230908,
          0.9981281720005434,
          -0.041903857510962934,
          -0.060433632668059005
        ],
        [
          0.0,
          0.0,
          0.0,
          1.0
        ]
      ]
    },
    {
      "file_path": "./images/IMG_4335.png",
      "sharpness": 9.75230144622412,
      "transform_matrix": [
        [
          -0.011626871324304608,
          0.012664696551301292,
          0.999852199737698,
          4.063599559348807
        ],
        [
          0.9971803043781399,
          -0.07398895049526887,
          0.012532987071183355,
          -0.10560110364623788
        ],
        [
          0.07413674138711615,
          0.9971786402955762,
          -0.011768725955054416,
          -0.13627989928066575
        ],
        [
          0.0,
          0.0,
          0.0,
          1.0
        ]
      ]
    },
    {
      "file_path": "./images/IMG_4337.png",
      "sharpness": 8.487719922458725,
      "transform_matrix": [
        [
          0.11009376893152018,
          0.020786204212641782,
          0.9937038269790075,
          4.070984359965513
        ],
        [
          0.9934817461906907,
          -0.03202868964771137,
          -0.10939919115488883,
          -0.41063735867890666
        ],
        [
          0.02955303754801037,
          0.9992707824957783,
          -0.024176873615106006,
          -0.14625208721392363
        ],
        [
          0.0,
          0.0,
          0.0,
          1.0
        ]
      ]
    },
    {
      "file_path": "./images/IMG_4331.png",
      "sharpness": 6.407328340755416,
      "transform_matrix": [
        [
          -0.20691534877256682,
          0.026703175620582664,
          0.9779943654489762,
          3.937353954674949
        ],
        [
          0.9664723425880702,
          -0.14976996079175936,
          0.2085669433461595,
          0.8290214795869012
        ],
        [
          0.1520435774846753,
          0.9883602072383042,
          0.0051818229763155215,
          -0.13667809856947025
        ],
        [
          0.0,
          0.0,
          0.0,
          1.0
        ]
      ]
    },
    {
      "file_path": "./images/IMG_4326.png",
      "sharpness": 7.670069009122396,
      "transform_matrix": [
        [
          -0.43107394228412244,
          0.10215623174302893,
          0.8965151201154008,
          3.5348375060295085
        ],
        [
          0.8696539226096922,
          -0.2178696747930218,
          0.44298404000049013,
          1.7592783148134785
        ],
        [
          0.24057703791532248,
          0.9706167673792165,
          0.0050773719628378665,
          -0.07729592332419064
        ],
        [
          0.0,
          0.0,
          0.0,
          1.0
        ]
      ]
    },
    {
      "file_path": "./images/IMG_4330.png",
      "sharpness": 5.827030334697672,
      "transform_matrix": [
        [
          -0.21993527629873513,
          0.027034292468872914,
          0.9751397957554335,
          3.8836356013348308
        ],
        [
          0.9639160008021882,
          -0.1476643251259275,
          0.22149760829999443,
          1.0135999281184074
        ],
        [
          0.14998139096759874,
          0.9886679898286085,
          0.006417807064924574,
          -0.12678451596164034
        ],
        [
          0.0,
          0.0,
          0.0,
          1.0
        ]
      ]
    }
  ]
}