{
  "camera_angle_x": 0.6758776065545984,
  "camera_angle_y": 0.6051173962002784,
  "fl_x": 1024.4168310961802,
  "fl_y": 1153.321194436862,
  "k1": 0.10687151110462698,
  "k2": -0.20113401910156017,
  "k3": 0,
  "k4": 0,
  "p1": 0.03208011644705765,
  "p2": -0.030470904696541432,
  "is_fisheye": false,
  "cx": 354.5633687638691,
  "cy": 510.35921016110296,
  "w": 720.0,
  "h": 720.0,
  "aabb_scale": 32,
  "frames": [
    {
      "file_path": "./images/0058.jpg",
      "sharpness": 17.471381147818906,
      "transform_matrix": [
        [
          0.9399176504586437,
          0.05156719823747002,
          0.3374842728461247,
          0.7767816318832654
        ],
        [
          0.3380175847513333,
          -0.001732754098978183,
          -0.9411381991833647,
          -3.111775527388342
        ],
        [
          -0.04794708282902937,
          0.9986680237323147,
          -0.019059265962156995,
          0.2200968181356729
        ],
        [
          0.0,
          0.0,
          0.0,
          1.0
        ]
      ]
    },
    {
      "file_path": "./images/0059.jpg",
      "sharpness": 13.194791071292485,
      "transform_matrix": [
        [
          0.941485677087481,
          0.05068850865696704,
          0.33321973969964275,
          0.729565628422538
        ],
        [
          0.3339248084287873,
          -0.005893487823118069,
          -0.94258129045567,
          -3.1051164610606627
        ],
        [
          -0.045814213422815005,
          0.9986971221985415,
          -0.022474784916373797,
          0.21862624408627004
        ],
        [
          0.0,
          0.0,
          0.0,
          1.0
        ]
      ]
    },
    {
      "file_path": "./images/0010.jpg",
      "sharpness": 42.47100683027773,
      "transform_matrix": [
        [
          -0.17231373443327072,
          -0.03048492958824769,
          0.9845702849415564,
          4.7693836540044945
        ],
        [
          0.9849213775927365,
          0.010317217699968066,
          0.17269462927305357,
          0.7129495685287205
        ],
        [
          -0.015422609584319201,
          0.9994819778681195,
          0.02824746053503189,
          -0.009251186740109288
        ],
        [
          0.0,
          0.0,
          0.0,
          1.0
        ]
      ]
    },
    {
      "file_path": "./images/0007.jpg",
      "sharpness": 47.55131702510797,
      "transform_matrix": [
        [
          -0.21838146051780194,
          -0.03574958074045356,
          0.9752084419113849,
          4.773915452264795
        ],
        [
          0.9757122656627625,
          0.009593008745135094,
          0.21884594768570456,
          0.9141740717821326
        ],
        [
          -0.01717883398809665,
          0.9993147360348165,
          0.03278636916023911,
          -0.04959847605981453
        ],
        [
          0.0,
          0.0,
          0.0,
          1.0
        ]
      ]
    },
    {
      "file_path": "./images/0016.jpg",
      "sharpness": 43.99805969480151,
      "transform_matrix": [
        [
          -0.04922107848708022,
          -0.01728455610817787,
          0.9986383377123821,
          4.6553445086537675
        ],
        [
          0.9987847880773986,
          0.0016473661745025371,
          0.049256809578695736,
          0.19672651191854906
        ],
        [
          -0.002496505106981614,
          0.9998492537883233,
          0.017182466569746153,
          -0.00800632080378581
        ],
        [
          0.0,
          0.0,
          0.0,
          1.0
        ]
      ]
    },
    {
      "file_path": "./images/0011.jpg",
      "sharpness": 39.72792760296103,
      "transform_matrix": [
        [
          -0.1613208886263937,
          -0.028811813427515702,
          0.9864813481744328,
          4.760271796408707
        ],
        [
          0.9868019722827337,
          0.009522537904557175,
          0.16165144221677114,
          0.6753295030345694
        ],
        [
          -0.014051277223568135,
          0.9995394943048084,
          0.026895370038572914,
          -0.002595681442458153
        ],
        [
          0.0,
          0.0,
          0.0,
          1.0
        ]
      ]
    },
    {
      "file_path": "./images/0009.jpg",
      "sharpness": 38.6269172239369,
      "transform_matrix": [
        [
          -0.19085437393517193,
          -0.03325065454286805,
          0.9810550453050646,
          4.779086811980459
        ],
        [
          0.9814662702401817,
          0.011128728686522186,
          0.19131155683504317,
          0.7861261022135801
        ],
        [
          -0.01727912991212407,
          0.9993850836221893,
          0.030510429351072826,
          -0.024335536186595567
        ],
        [
          0.0,
          0.0,
          0.0,
          1.0
        ]
      ]
    },
    {
      "file_path": "./images/0013.jpg",
      "sharpness": 39.446024924413535,
      "transform_matrix": [
        [
          -0.12463521347031639,
          -0.024642548871084476,
          0.9918965713947107,
          4.720700482087767
        ],
        [
          0.9921511680192425,
          0.007086579779614874,
          0.12484326247370782,
          0.5305412781261204
        ],
        [
          -0.010105610383049043,
          0.9996712085322859,
          0.023565896261810965,
          0.010423615483567645
        ],
        [
          0.0,
          0.0,
          0.0,
          1.0
        ]
      ]
    },
    {
      "file_path": "./images/0008.jpg",
      "sharpness": 38.920913545953354,
      "transform_matrix": [
        [
          -0.20053520749194015,
          -0.03469871703871705,
          0.9790718204443785,
          4.775352247372436
        ],
        [
          0.9795223568158,
          0.01119167917849609,
          0.20102412495813976,
          0.8251752842725366
        ],
        [
          -0.017932736936997797,
          0.9993351516629795,
          0.031743843386005687,
          -0.031250985255812914
        ],
        [
          0.0,
          0.0,
          0.0,
          1.0
        ]
      ]
    },
    {
      "file_path": "./images/0012.jpg",
      "sharpness": 38.60462118748794,
      "transform_matrix": [
        [
          -0.1378749480455647,
          -0.02650697077236904,
          0.9900948839369604,
          4.733422173817575
        ],
        [
          0.9903768078190387,
          0.008433407189395154,
          0.13813998761165394,
          0.5822804382737461
        ],
        [
          -0.012011545926494852,
          0.9996130542064204,
          0.025089133520406422,
          0.010387134880128148
        ],
        [
          0.0,
          0.0,
          0.0,
          1.0
        ]
      ]
    },
    {
      "file_path": "./images/0001.jpg",
      "sharpness": 67.55026360888068,
      "transform_matrix": [
        [
          -0.2610344763089606,
          -0.04286146271801638,
          0.9643774661345091,
          4.766631198062437
        ],
        [
          0.9651754709349446,
          0.006256115004110178,
          0.26152852871257226,
          1.0476529152171064
        ],
        [
          -0.01724275161862144,
          0.9990614375677627,
          0.039735770759995445,
          -0.06670591854128367
        ],
        [
          0.0,
          0.0,
          0.0,
          1.0
        ]
      ]
    },
    {
      "file_path": "./images/0056.jpg",
      "sharpness": 21.716443455792128,
      "transform_matrix": [
        [
          0.9295630380514297,
          0.04745215190413489,
          0.3655965694101906,
          0.9792412325947341
        ],
        [
          0.3656838131779667,
          0.007141187737263545,
          -0.9307117449658201,
          -3.1392696926311037
        ],
        [
          -0.04677506883933828,
          0.9988479847872773,
          -0.010714299683457868,
          0.19311166834088453
        ],
        [
          0.0,
          0.0,
          0.0,
          1.0
        ]
      ]
    },
    {
      "file_path": "./images/0015.jpg",
      "sharpness": 40.216843070793416,
      "transform_matrix": [
        [
          -0.080797858308959,
          -0.01963338014449613,
          0.9965371224761398,
          4.6844750131046275
        ],
        [
          0.9967174400555541,
          0.0035282276113143642,
          0.08088198995465601,
          0.3371224191301349
        ],
        [
          -0.005103996646843156,
          0.9998010211988492,
          0.019283859162638937,
          0.004847640786162019
        ],
        [
          0.0,
          0.0,
          0.0,
          1.0
        ]
      ]
    },
    {
      "file_path": "./images/0005.jpg",
      "sharpness": 54.82877742590792,
      "transform_matrix": [
        [
          -0.23728297531374748,
          -0.03778955723016411,
          0.97070527915884,
          4.773914785257736
        ],
        [
          0.9712860247212841,
          0.008594609761811858,
          0.2377595231829147,
          0.9991196298137105
        ],
        [
          -0.017327660176438154,
          0.999248758840174,
          0.03466511424212021,
          -0.06710295020219992
        ],
        [
          0.0,
          0.0,
          0.0,
          1.0
        ]
      ]
    },
    {
      "file_path": "./images/0006.jpg",
      "sharpness": 55.07485061728396,
      "transform_matrix": [
        [
          -0.22535852551743774,
          -0.036946801403614934,
          0.9735750966612108,
          4.767861653481626
        ],
        [
          0.9741296344958207,
          0.008770084688969566,
          0.22581970864294915,
          0.9483809423540885
        ],
        [
          -0.01688165197704377,
          0.999278749637371,
          0.034014560792923816,
          -0.05302673665207765
        ],
        [
          0.0,
          0.0,
          0.0,
          1.0
        ]
      ]
    },
    {
      "file_path": "./images/0017.jpg",
      "sharpness": 45.78926030079196,
      "transform_matrix": [
        [
          -0.03320887169294331,
          -0.01506157399360989,
          0.9993349387597504,
          4.638717083553733
        ],
        [
          0.9994480581334342,
          0.0003659132019157714,
          0.03321814565618006,
          0.13373381089157993
        ],
        [
          -0.0008659874059589439,
          0.9998865011053008,
          0.015041109315773236,
          -0.02034963221857024
        ],
        [
          0.0,
          0.0,
          0.0,
          1.0
        ]
      ]
    },
    {
      "file_path": "./images/0019.jpg",
      "sharpness": 41.18381569795939,
      "transform_matrix": [
        [
          0.01976306780430734,
          -0.011000674752724503,
          0.9997441704267072,
          4.582100088051255
        ],
        [
          0.9997986966358523,
          -0.003245294634772816,
          -0.019799855251595923,
          -0.08060381804807364
        ],
        [
          0.0034622761602050222,
          0.9999342244437658,
          0.010934323301976868,
          -0.03547931351242367
        ],
        [
          0.0,
          0.0,
          0.0,
          1.0
        ]
      ]
    },
    {
      "file_path": "./images/0002.jpg",
      "sharpness": 60.815429040026864,
      "transform_matrix": [
        [
          -0.25476437919882805,
          -0.04063784644285748,
          0.9661488894182719,
          4.767461791584782
        ],
        [
          0.9668514670972117,
          0.006991631175879235,
          0.25524372208826007,
          1.0466456314603694
        ],
        [
          -0.01712751187952398,
          0.999149479570612,
          0.03750954287683787,
          -0.07290693206455151
        ],
        [
          0.0,
          0.0,
          0.0,
          1.0
        ]
      ]
    },
    {
      "file_path": "./images/0057.jpg",
      "sharpness": 20.298748591906584,
      "transform_matrix": [
        [
          0.9340593397132861,
          0.04857876913606402,
          0.35379832260744637,
          0.9095121143254136
        ],
        [
          0.3539965114764284,
          0.004749290022450017,
          -0.9352346839733869,
          -3.141499630508396
        ],
        [
          -0.0471128406443021,
          0.9988080633583936,
          -0.012760596103508909,
          0.20352911087177888
        ],
        [
          0.0,
          0.0,
          0.0,
          1.0
        ]
      ]
    },
    {
      "file_path": "./images/0004.jpg",
      "sharpness": 50.08169366746626,
      "transform_matrix": [
        [
          -0.2421825712017655,
          -0.038687128951707686,
          0.9694590802379507,
          4.769098491498893
        ],
        [
          0.9700720862743417,
          0.008411428514788032,
          0.24267137305765146,
          1.0156676282193242
        ],
        [
          -0.017542794453802996,
          0.9992159696081984,
          0.035492202508956315,
          -0.06913985577431647
        ],
        [
          0.0,
          0.0,
          0.0,
          1.0
        ]
      ]
    },
    {
      "file_path": "./images/0021.jpg",
      "sharpness": 38.81991354404444,
      "transform_matrix": [
        [
          0.07566496560252704,
          -0.004768815158774485,
          0.9971218939420534,
          4.5240577791795
        ],
        [
          0.997102219729806,
          -0.0075331929109574355,
          -0.07569950075436081,
          -0.31788957684921926
        ],
        [
          0.007872508509513784,
          0.9999602539115168,
          0.00418499739781035,
          -0.05989914843158954
        ],
        [
          0.0,
          0.0,
          0.0,
          1.0
        ]
      ]
    },
    {
      "file_path": "./images/0024.jpg",
      "sharpness": 32.83811660230671,
      "transform_matrix": [
        [
          0.17417253021148849,
          -0.0009577815041831196,
          0.9847146857697189,
          4.299018329527864
        ],
        [
          0.9846389989808131,
          -0.012266967924850934,
          -0.17417107447562113,
          -0.7081758856108187
        ],
        [
          0.012246281299163247,
          0.9999242992090743,
          -0.001193499819973304,
          -0.04802649990176143
        ],
        [
          0.0,
          0.0,
          0.0,
          1.0
        ]
      ]
    },
    {
      "file_path": "./images/0029.jpg",
      "sharpness": 31.810896881932393,
      "transform_matrix": [
        [
          0.3216036026874025,
          0.0011780650299117144,
          0.9468736636413045,
          3.88685862815138
        ],
        [
          0.9468174682435184,
          -0.011365538022990354,
          -0.32157037546139305,
          -1.1843399882236587
        ],
        [
          0.010382897813096764,
          0.9999347162212495,
          -0.004770610523721637,
          -0.04919023345639536
        ],
        [
          0.0,
          0.0,
          0.0,
          1.0
        ]
      ]
    },
    {
      "file_path": "./images/0027.jpg",
      "sharpness": 27.041139773015836,
      "transform_matrix": [
        [
          0.2579768864865668,
          0.0009626222753160104,
          0.9661506090632503,
          4.085230304213469
        ],
        [
          0.9660728200034067,
          -0.012985515577502051,
          -0.2579431775330582,
          -0.9974164206691598
        ],
        [
          0.012297661935744808,
          0.9999152212761737,
          -0.004279926094219469,
          -0.04351939351552298
        ],
        [
          0.0,
          0.0,
          0.0,
          1.0
        ]
      ]
    },
    {
      "file_path": "./images/0026.jpg",
      "sharpness": 31.056130092592593,
      "transform_matrix": [
        [
          0.23723853043737447,
          0.0009135899468607388,
          0.9714509998067642,
          4.128157686901058
        ],
        [
          0.9713743496321633,
          -0.012820052848846658,
          -0.23720775518866127,
          -0.9235891951020136
        ],
        [
          0.012237342537129865,
          0.9999174023861167,
          -0.003928848338452236,
          -0.04150351961197786
        ],
        [
          0.0,
          0.0,
          0.0,
          1.0
        ]
      ]
    },
    {
      "file_path": "./images/0028.jpg",
      "sharpness": 28.94753600599408,
      "transform_matrix": [
        [
          0.3011377378524251,
          0.0014809608498066024,
          0.9535795035508697,
          3.9586097202222437
        ],
        [
          0.9535277263733174,
          -0.01100349588321739,
          -0.30110429773697955,
          -1.1287666672782086
        ],
        [
          0.010046784464985484,
          0.9999383630152144,
          -0.00472570509070459,
          -0.04885023699267828
        ],
        [
          0.0,
          0.0,
          0.0,
          1.0
        ]
      ]
    },
    {
      "file_path": "./images/0025.jpg",
      "sharpness": 39.599401952589176,
      "transform_matrix": [
        [
          0.19403635485649323,
          0.0004406225791656585,
          0.9809942399637143,
          4.238207016565108
        ],
        [
          0.980915655022875,
          -0.012752459204633191,
          -0.19401508321591354,
          -0.7777831158469782
        ],
        [
          0.012424601598753757,
          0.9999185870020691,
          -0.0029066542853833505,
          -0.04769101365498492
        ],
        [
          0.0,
          0.0,
          0.0,
          1.0
        ]
      ]
    },
    {
      "file_path": "./images/0022.jpg",
      "sharpness": 40.86231079580095,
      "transform_matrix": [
        [
          0.11382561365738936,
          -0.003150268113543426,
          0.9934957501079554,
          4.455879604650766
        ],
        [
          0.9934440017887427,
          -0.01032664556614755,
          -0.1138524294923873,
          -0.4765252375297597
        ],
        [
          0.010618144161118073,
          0.9999417164007117,
          0.0019541781928369083,
          -0.0601109653862314
        ],
        [
          0.0,
          0.0,
          0.0,
          1.0
        ]
      ]
    },
    {
      "file_path": "./images/0023.jpg",
      "sharpness": 38.08484633457514,
      "transform_matrix": [
        [
          0.13385347081470514,
          -0.0021484601485996404,
          0.9909988054816639,
          4.410814283422371
        ],
        [
          0.990935241025238,
          -0.011241453914243048,
          -0.13386925639648056,
          -0.5606512484907116
        ],
        [
          0.011427880163382535,
          0.999934504769748,
          0.0006242772517606669,
          -0.05909765630897782
        ],
        [
          0.0,
          0.0,
          0.0,
          1.0
        ]
      ]
    },
    {
      "file_path": "./images/0020.jpg",
      "sharpness": 33.392970538965464,
      "transform_matrix": [
        [
          0.05724079735071754,
          -0.005702113729045898,
          0.9983441175335851,
          4.5537771176779
        ],
        [
          0.9983373016133138,
          -0.006475536140208598,
          -0.057277392042091646,
          -0.23530674474270383
        ],
        [
          0.006791415616980543,
          0.9999627759706633,
          0.005321967981808936,
          -0.0579267377382723
        ],
        [
          0.0,
          0.0,
          0.0,
          1.0
        ]
      ]
    },
    {
      "file_path": "./images/0018.jpg",
      "sharpness": 41.018389896764354,
      "transform_matrix": [
        [
          0.00167564836147049,
          -0.011640089429968624,
          0.9999308478674256,
          4.606457707679606
        ],
        [
          0.9999961201711571,
          -0.0022056218748156345,
          -0.0017014331538935024,
          -0.006390839520975236
        ],
        [
          0.002225274185429774,
          0.9999298193105579,
          0.011636348421733314,
          -0.0350351247702187
        ],
        [
          0.0,
          0.0,
          0.0,
          1.0
        ]
      ]
    },
    {
      "file_path": "./images/0003.jpg",
      "sharpness": 55.18043207124424,
      "transform_matrix": [
        [
          -0.25151599049250833,
          -0.0402961476647924,
          0.9670139228605696,
          4.765039141595793
        ],
        [
          0.9676982656369074,
          0.0074034408239790975,
          0.25200249154975957,
          1.0410199311111403
        ],
        [
          -0.017313959965246817,
          0.999160352267633,
          0.0371324284551725,
          -0.07097727504625709
        ],
        [
          0.0,
          0.0,
          0.0,
          1.0
        ]
      ]
    },
    {
      "file_path": "./images/0014.jpg",
      "sharpness": 40.884040646418576,
      "transform_matrix": [
        [
          -0.09599225323867092,
          -0.02120907054030259,
          0.9951560996352367,
          4.696318389211867
        ],
        [
          0.9953602807558231,
          0.004571530913331864,
          0.09610937830824079,
          0.40388055607777534
        ],
        [
          -0.006587777457197349,
          0.999764610509975,
          0.020671834854444616,
          0.009958621736487662
        ],
        [
          0.0,
          0.0,
          0.0,
          1.0
        ]
      ]
    },
    {
      "file_path": "./images/0030.jpg",
      "sharpness": 42.13945961642423,
      "transform_matrix": [
        [
          0.3626591878780413,
          0.0010723056160624326,
          0.93192122178033,
          3.7323008122569625
        ],
        [
          0.9318768632980643,
          -0.01024169724193549,
          -0.3626301411732958,
          -1.2975320248548847
        ],
        [
          0.009155604669875101,
          0.9999469774915607,
          -0.0047135023982463045,
          -0.04386053462490978
        ],
        [
          0.0,
          0.0,
          0.0,
          1.0
        ]
      ]
    },
    {
      "file_path": "./images/0031.jpg",
      "sharpness": 39.8259272562151,
      "transform_matrix": [
        [
          0.38298354613930863,
          -0.0007465793459313463,
          0.9237548625052415,
          3.6656073809899268
        ],
        [
          0.9237068324969384,
          -0.009919809182574008,
          -0.3829716503662561,
          -1.3602801626511416
        ],
        [
          0.009449390691767551,
          0.9999505187764536,
          -0.003109503254929627,
          -0.03314652302907877
        ],
        [
          0.0,
          0.0,
          0.0,
          1.0
        ]
      ]
    },
    {
      "file_path": "./images/0035.jpg",
      "sharpness": 40.05248679518116,
      "transform_matrix": [
        [
          0.5086925038999719,
          0.001793324133988902,
          0.8609464097496228,
          3.2366128168929142
        ],
        [
          0.86093231444614,
          -0.007149060455280848,
          -0.5086692843852657,
          -1.6864381718082737
        ],
        [
          0.005242749028150067,
          0.9999728370907855,
          -0.005180604160756315,
          -0.024688949434588697
        ],
        [
          0.0,
          0.0,
          0.0,
          1.0
        ]
      ]
    },
    {
      "file_path": "./images/0034.jpg",
      "sharpness": 45.61503735719577,
      "transform_matrix": [
        [
          0.48820463998005204,
          0.0018474592007512523,
          0.8727272290886122,
          3.30974217740438
        ],
        [
          0.8727100924965235,
          -0.007647957827775804,
          -0.48817886393797616,
          -1.636981951579738
        ],
        [
          0.005772690509426802,
          0.9999690473368681,
          -0.005346064787863133,
          -0.02612038700857207
        ],
        [
          0.0,
          0.0,
          0.0,
          1.0
        ]
      ]
    },
    {
      "file_path": "./images/0032.jpg",
      "sharpness": 43.55283232997527,
      "transform_matrix": [
        [
          0.42346695515364424,
          0.00022504419346857315,
          0.9059115228565371,
          3.5080034039469683
        ],
        [
          0.9058762793398349,
          -0.008929479852058147,
          -0.42344826238749467,
          -1.469410898367467
        ],
        [
          0.00799402411841008,
          0.9999601060746974,
          -0.003985201840723257,
          -0.025431573993575058
        ],
        [
          0.0,
          0.0,
          0.0,
          1.0
        ]
      ]
    },
    {
      "file_path": "./images/0033.jpg",
      "sharpness": 39.98466870388453,
      "transform_matrix": [
        [
          0.4450910802581942,
          0.000604039161408032,
          0.8954851006061032,
          3.443843126314322
        ],
        [
          0.8954582769577673,
          -0.008069565282400465,
          -0.44507230462474173,
          -1.53153630146588
        ],
        [
          0.006957334377106406,
          0.9999672580885245,
          -0.004132583395447139,
          -0.024625038737845797
        ],
        [
          0.0,
          0.0,
          0.0,
          1.0
        ]
      ]
    },
    {
      "file_path": "./images/0036.jpg",
      "sharpness": 30.873396235076946,
      "transform_matrix": [
        [
          0.5522348031526882,
          0.003951534131996225,
          0.8336792594044505,
          3.0930098880381665
        ],
        [
          0.8336751609398618,
          -0.008300510543294963,
          -0.5521927449329767,
          -1.8091125067060283
        ],
        [
          0.0047379550033696165,
          0.999957742556635,
          -0.007878126659394667,
          -0.030063916555061805
        ],
        [
          0.0,
          0.0,
          0.0,
          1.0
        ]
      ]
    },
    {
      "file_path": "./images/0037.jpg",
      "sharpness": 38.21952350313627,
      "transform_matrix": [
        [
          0.5734737359606992,
          0.004458599827569068,
          0.8192118132980586,
          3.031361618177844
        ],
        [
          0.8192133559621239,
          -0.00820571394771346,
          -0.5734301558794078,
          -1.8762326750272864
        ],
        [
          0.004165522208384659,
          0.9999563926204097,
          -0.008358305961455101,
          -0.029912769572863238
        ],
        [
          0.0,
          0.0,
          0.0,
          1.0
        ]
      ]
    },
    {
      "file_path": "./images/0039.jpg",
      "sharpness": 25.80275040758945,
      "transform_matrix": [
        [
          0.6320537218530996,
          0.005982358138029723,
          0.774901480240547,
          2.8400474782707024
        ],
        [
          0.7749043568483245,
          -0.012102165306823898,
          -0.6319626376079286,
          -2.058552796884639
        ],
        [
          0.005597358982349086,
          0.9999088703388086,
          -0.012284974010045807,
          -0.03544177950207063
        ],
        [
          0.0,
          0.0,
          0.0,
          1.0
        ]
      ]
    },
    {
      "file_path": "./images/0038.jpg",
      "sharpness": 34.95773394549335,
      "transform_matrix": [
        [
          0.6124134930807528,
          0.006569841898443188,
          0.7905103102846274,
          2.900383680664116
        ],
        [
          0.7905248738421502,
          -0.010765716078519349,
          -0.6123353029135004,
          -1.9967106359029112
        ],
        [
          0.004487463428689483,
          0.9999204651025917,
          -0.011786693227091371,
          -0.03673862022695294
        ],
        [
          0.0,
          0.0,
          0.0,
          1.0
        ]
      ]
    },
    {
      "file_path": "./images/0042.jpg",
      "sharpness": 32.967298649155516,
      "transform_matrix": [
        [
          0.723337950097849,
          0.004685803459532445,
          0.6904782785797234,
          2.485325050924406
        ],
        [
          0.6904907570454024,
          -0.0080564282054604,
          -0.7232963489465689,
          -2.3280084725193175
        ],
        [
          0.0021735641446463715,
          0.9999565676601889,
          -0.009063024241386776,
          0.004309641237700484
        ],
        [
          0.0,
          0.0,
          0.0,
          1.0
        ]
      ]
    },
    {
      "file_path": "./images/0040.jpg",
      "sharpness": 23.718073497141607,
      "transform_matrix": [
        [
          0.6717939934167905,
          0.007657317663707086,
          0.740698451390008,
          2.6936691671687907
        ],
        [
          0.74072741679404,
          -0.012297541832620383,
          -0.671693132668857,
          -2.1757967680781394
        ],
        [
          0.003965402501949745,
          0.9998950624677122,
          -0.013933399869555248,
          -0.02727481611738491
        ],
        [
          0.0,
          0.0,
          0.0,
          1.0
        ]
      ]
    },
    {
      "file_path": "./images/0044.jpg",
      "sharpness": 22.857089120336877,
      "transform_matrix": [
        [
          0.7649959232992636,
          0.002148571468873118,
          0.644031537249837,
          2.289097523611379
        ],
        [
          0.6440307003006671,
          0.001153111830971847,
          -0.7649987760796331,
          -2.465528903936586
        ],
        [
          -0.002386294929129364,
          0.9999970269805732,
          -0.0005016201379428106,
          0.04188910087538135
        ],
        [
          0.0,
          0.0,
          0.0,
          1.0
        ]
      ]
    },
    {
      "file_path": "./images/0043.jpg",
      "sharpness": 29.01035652076129,
      "transform_matrix": [
        [
          0.7386678065762823,
          0.0028216998312072966,
          0.6740637280955594,
          2.4183744787228245
        ],
        [
          0.6740679962444209,
          -0.0052964897653472705,
          -0.7386503121472271,
          -2.3808587285317655
        ],
        [
          0.00148592217594288,
          0.9999819924390968,
          -0.005814364028747955,
          0.017442249573487247
        ],
        [
          0.0,
          0.0,
          0.0,
          1.0
        ]
      ]
    },
    {
      "file_path": "./images/0045.jpg",
      "sharpness": 26.795168586153025,
      "transform_matrix": [
        [
          0.7772309679041819,
          0.002146577240111935,
          0.6292117407781889,
          2.2152828025648486
        ],
        [
          0.6292051297076928,
          0.00306265930301333,
          -0.777233249975526,
          -2.50628660684053
        ],
        [
          -0.0035954523961152594,
          0.9999930061357345,
          0.0010297562436495569,
          0.04883728100257015
        ],
        [
          0.0,
          0.0,
          0.0,
          1.0
        ]
      ]
    },
    {
      "file_path": "./images/0041.jpg",
      "sharpness": 31.20714706557555,
      "transform_matrix": [
        [
          0.6901829364090246,
          0.0073422403461871275,
          0.7235976822743097,
          2.616815476604878
        ],
        [
          0.7236285121377979,
          -0.011214706840555245,
          -0.6900985485941239,
          -2.223700643046158
        ],
        [
          0.00304806647087863,
          0.9999101568908161,
          -0.013053253755650328,
          -0.01745065821171192
        ],
        [
          0.0,
          0.0,
          0.0,
          1.0
        ]
      ]
    },
    {
      "file_path": "./images/0046.jpg",
      "sharpness": 26.770169964072146,
      "transform_matrix": [
        [
          0.7996455668251239,
          0.0045498728424789485,
          0.6004550492004218,
          2.07793557934006
        ],
        [
          0.6004258530476638,
          0.006376992083681583,
          -0.7996550062145232,
          -2.595271731743071
        ],
        [
          -0.007467425691485557,
          0.9999693158419007,
          0.002367472166691038,
          0.058337411723659575
        ],
        [
          0.0,
          0.0,
          0.0,
          1.0
        ]
      ]
    },
    {
      "file_path": "./images/0047.jpg",
      "sharpness": 23.4540336495961,
      "transform_matrix": [
        [
          0.8104139466148078,
          0.01029297943249652,
          0.5857672658171088,
          2.015153658742162
        ],
        [
          0.5857319933870326,
          0.006475474057536393,
          -0.8104789325815831,
          -2.655775028821159
        ],
        [
          -0.01213536371708672,
          0.9999260586695247,
          -0.0007811128737180744,
          0.047963686143736105
        ],
        [
          0.0,
          0.0,
          0.0,
          1.0
        ]
      ]
    },
    {
      "file_path": "./images/0048.jpg",
      "sharpness": 26.3089170055797,
      "transform_matrix": [
        [
          0.8312584190690249,
          0.013107482726370741,
          0.5557316210363423,
          1.8743683628623113
        ],
        [
          0.5556040924011082,
          0.012253893764235245,
          -0.8313566831359178,
          -2.7552127233064136
        ],
        [
          -0.017706869609262533,
          0.9998390050305249,
          0.002903581314049526,
          0.07239777456537327
        ],
        [
          0.0,
          0.0,
          0.0,
          1.0
        ]
      ]
    },
    {
      "file_path": "./images/0049.jpg",
      "sharpness": 27.00625190212748,
      "transform_matrix": [
        [
          0.8415446517991095,
          0.012929221646865805,
          0.540032808496076,
          1.8003474345634338
        ],
        [
          0.5398434889131373,
          0.015546430707863525,
          -0.8416218366762689,
          -2.797048842363951
        ],
        [
          -0.019277097906486997,
          0.9997955509583396,
          0.00610325949399267,
          0.09348144901968664
        ],
        [
          0.0,
          0.0,
          0.0,
          1.0
        ]
      ]
    },
    {
      "file_path": "./images/0050.jpg",
      "sharpness": 23.917852788970805,
      "transform_matrix": [
        [
          0.8612293746267086,
          0.017644646647445618,
          0.5079100616457733,
          1.6551093574678364
        ],
        [
          0.5076200393107085,
          0.01853763040009501,
          -0.8613815948517496,
          -2.8814660038169735
        ],
        [
          -0.024614222869051138,
          0.9996724577080609,
          0.00700837561173495,
          0.1203482515036889
        ],
        [
          0.0,
          0.0,
          0.0,
          1.0
        ]
      ]
    },
    {
      "file_path": "./images/0051.jpg",
      "sharpness": 23.580371060524403,
      "transform_matrix": [
        [
          0.8706106462182999,
          0.019499666133052995,
          0.4915860715157531,
          1.5783670919780306
        ],
        [
          0.4912104147068694,
          0.021147343372620944,
          -0.8707841973484505,
          -2.9192206724277563
        ],
        [
          -0.02737574057377478,
          0.9995861908235921,
          0.008832663191575324,
          0.1387687552900613
        ],
        [
          0.0,
          0.0,
          0.0,
          1.0
        ]
      ]
    },
    {
      "file_path": "./images/0052.jpg",
      "sharpness": 22.85022180825483,
      "transform_matrix": [
        [
          0.8879264521064315,
          0.02727773252996816,
          0.4591759368193699,
          1.4291829485810403
        ],
        [
          0.45878617203403127,
          0.019518980622146406,
          -0.8883322901627699,
          -2.9911295775691706
        ],
        [
          -0.03319433682172735,
          0.9994373090393085,
          0.004816772723364359,
          0.15361596358774973
        ],
        [
          0.0,
          0.0,
          0.0,
          1.0
        ]
      ]
    },
    {
      "file_path": "./images/0060.jpg",
      "sharpness": 10.617697841616032,
      "transform_matrix": [
        [
          0.9412361896346695,
          0.04704319266683354,
          0.33445683330133513,
          0.6178778858039863
        ],
        [
          0.3353758531503134,
          -0.012994350578095134,
          -0.9419947897821687,
          -3.058344032479837
        ],
        [
          -0.0399683930417189,
          0.9988083324006677,
          -0.02800790390045721,
          0.20080182989585812
        ],
        [
          0.0,
          0.0,
          0.0,
          1.0
        ]
      ]
    },
    {
      "file_path": "./images/0055.jpg",
      "sharpness": 16.86192408398334,
      "transform_matrix": [
        [
          0.9183681114602418,
          0.04263884366376886,
          0.3934233608470695,
          1.1406902529544973
        ],
        [
          0.3933407350133891,
          0.010663421719518222,
          -0.9193309293265174,
          -3.1289010161553468
        ],
        [
          -0.043394446981843256,
          0.999033643299607,
          -0.006978647640569784,
          0.17086034108711368
        ],
        [
          0.0,
          0.0,
          0.0,
          1.0
        ]
      ]
    },
    {
      "file_path": "./images/0061.jpg",
      "sharpness": 11.36371855656293,
      "transform_matrix": [
        [
          0.9412709450526261,
          0.042687221048259484,
          0.3349429938887373,
          0.5649809594081776
        ],
        [
          0.33591616372969674,
          -0.017925042516170445,
          -0.9417213089847314,
          -3.0302905105325477
        ],
        [
          -0.03419559827653853,
          0.9989276720594986,
          -0.03121164924411717,
          0.1865395621243978
        ],
        [
          0.0,
          0.0,
          0.0,
          1.0
        ]
      ]
    },
    {
      "file_path": "./images/0054.jpg",
      "sharpness": 20.32900382373114,
      "transform_matrix": [
        [
          0.9117792891852264,
          0.03953951025196999,
          0.40877274241093337,
          1.217686502599938
        ],
        [
          0.40858457407188864,
          0.013097717160081151,
          -0.9126264819934206,
          -3.0996274680977645
        ],
        [
          -0.04143879390384732,
          0.999132161893744,
          -0.004213006713144315,
          0.16626204521120422
        ],
        [
          0.0,
          0.0,
          0.0,
          1.0
        ]
      ]
    },
    {
      "file_path": "./images/0053.jpg",
      "sharpness": 22.4446064442706,
      "transform_matrix": [
        [
          0.8967745283206642,
          0.03088794163429843,
          0.4414084054626549,
          1.3594335061488452
        ],
        [
          0.4410688265562306,
          0.017426611964780892,
          -0.8973040752363369,
          -3.0296662646749244
        ],
        [
          -0.0354081289041085,
          0.9993709262597462,
          0.0020040335535662646,
          0.15780176669150361
        ],
        [
          0.0,
          0.0,
          0.0,
          1.0
        ]
      ]
    }
  ]
}